-2.897177345156802808e+00
-2.897177345156802808e+00
-2.897177345156802808e+00
-4.941049185067507779e+02
-3.578715887066538244e+02
2.629553462641389387e+02
1.159757541208942030e+03
1.150196839980535060e+03
1.255320292334517944e+03
2.285426679176322523e+03
2.463906702153336937e+03
2.628722218992395483e+03
2.992784581078325573e+03
3.197288481818503442e+03
3.598201020920680548e+03
3.617800147975090567e+03
3.990668674434269633e+03
4.209311729726175145e+03
4.426418645518924677e+03
4.542018668523187443e+03
4.580830633550332095e+03
4.842132921736150820e+03
4.994662998976344170e+03
4.505794670618336568e+03
5.014920634463928764e+03
5.141061907201105896e+03
5.447579998294983852e+03
5.414052539522677762e+03
5.461082717770304953e+03
5.402696529569183440e+03
5.918088473302208513e+03
6.247196546120144376e+03
6.215323581709661994e+03
5.846971456648041567e+03
6.377184576917952654e+03
6.390207710330127156e+03
6.293165026877118180e+03
6.335939735869409560e+03
6.511096076420648387e+03
6.698663524830782080e+03
6.851296126200910294e+03
6.531662368179257101e+03
6.417159908748106318e+03
6.732950982567970641e+03
6.249940677276021233e+03
7.022881994413856773e+03
7.075583492474193918e+03
7.310179704339786440e+03
6.850173711284403907e+03
7.253896000020885367e+03
7.025066188452770803e+03
7.207459556903957491e+03
7.394528357421853798e+03
6.967096300395142862e+03
7.501785390262409237e+03
7.698483626034064400e+03
7.547176666132278115e+03
7.497734753240554710e+03
7.616581931739046922e+03
7.211024626389427794e+03
7.594266148153798895e+03
7.420963454720300433e+03
7.723629448687315744e+03
7.879226742802018634e+03
7.807200546064856098e+03
7.874321215408199350e+03
7.947989047178813962e+03
8.076357167423368082e+03
7.830640009410373750e+03
7.667290009123370510e+03
8.182364114754188449e+03
7.894110504119630605e+03
8.103627501586641301e+03
7.991281570349431604e+03
8.205374492386317797e+03
7.691952921451232214e+03
8.239432889035040716e+03
8.181513731199552240e+03
7.691909000687094704e+03
8.128049475741453534e+03
8.173789298688697272e+03
8.299046497623912728e+03
8.389481553914953111e+03
7.581389518309949381e+03
8.339803159310904448e+03
8.319198678861892404e+03
8.519381765635949705e+03
8.570221673299547547e+03
8.572232234226587025e+03
8.437415751760829153e+03
8.605687769639096587e+03
8.280470654350836412e+03
8.557092339549031749e+03
8.658365795162051654e+03
8.584351511387925711e+03
8.733352638549105905e+03
8.561477827822240215e+03
8.494085595770275177e+03
8.588303495405572903e+03
8.793484823130162113e+03
8.835782347795055102e+03
8.913315095688423753e+03
8.972568296986706628e+03
9.047471674193009676e+03
8.910894436834383669e+03
9.009776414891282911e+03
8.933255784953687908e+03
8.984101843155938695e+03
8.951133706321954378e+03
9.044168727056854550e+03
9.017563324365895824e+03
8.843869073261956146e+03
9.115623932082755346e+03
8.897114311550092680e+03
9.013229477092216257e+03
9.133946126240214653e+03
8.883477057768275699e+03
9.087887792518999049e+03
8.977149165255523258e+03
9.207234378672732419e+03
8.725427303919754195e+03
8.422115784231598809e+03
9.153078140519777662e+03
9.366564173460674283e+03
9.104827140581948697e+03
9.240181316323676583e+03
9.171405630177656349e+03
9.187003864579353831e+03
9.315554596346068138e+03
9.180157773930917756e+03
9.381582589004177862e+03
9.296660586498104749e+03
9.595451434448154032e+03
9.539354903811075928e+03
9.451551602057659693e+03
9.510218575238195626e+03
9.331307391207268665e+03
8.774438332772097056e+03
9.103581572026962021e+03
9.574876434891768440e+03
9.552440147371229614e+03
9.443801203396238634e+03
9.495146501064611584e+03
9.594049607117009145e+03
9.367231321430128446e+03
9.492303738681079267e+03
9.746846935753010257e+03
9.769134494174833890e+03
9.577897632625954429e+03
9.732155950364367527e+03
9.782310611155955485e+03
9.798586891983270107e+03
9.865765579610251734e+03
9.815769798143173830e+03
9.466656100743126444e+03
9.846055181561145218e+03
9.631076573105963689e+03
9.793434651511388438e+03
9.980366298818942596e+03
1.001031046476444681e+04
9.567343569773318450e+03
1.005144257628165906e+04
9.930696149942417833e+03
9.710401968470407155e+03
9.775248345499243442e+03
9.607926647387002959e+03
9.327042760865228047e+03
9.956141542157538424e+03
9.840663453764424048e+03
9.692602320255806262e+03
9.928145059139109435e+03
9.958896271290641380e+03
9.891906743404451845e+03
1.008268375717034360e+04
9.919133300417701321e+03
1.016660033495322386e+04
1.004227777256828813e+04
1.016859782546016140e+04
1.025670603405382280e+04
1.020663686030320787e+04
1.004555525849560399e+04
1.013726490415307126e+04
9.932395684695757154e+03
1.032236692558619143e+04
1.030428529887327386e+04
1.028412290184394442e+04
9.881942972504461068e+03
1.025209223421309980e+04
1.035118856113325637e+04
1.035075923597427027e+04
1.005995780298210775e+04
1.047150999296859118e+04
1.006841639039711481e+04
1.039432804823054539e+04
1.046266657318707439e+04
9.871068483747285427e+03
1.050195076802906624e+04
1.036664923741669190e+04
1.010977838345071723e+04
1.064726011063682927e+04
9.774065892586138943e+03
