-2.172512979880848860e+01
-2.172512979880848860e+01
-2.172512979880848860e+01
2.841109912956061478e+01
5.861044134152796126e+00
3.738614054233566719e+01
3.203198321931793657e+01
2.638717834419699670e+01
2.320592875692119250e+01
2.392516845763302058e+01
4.119870593204161224e+01
3.683477215644539626e+01
3.640405379069968461e+01
4.384840412744183880e+01
4.190016389478501679e+01
4.351950206841782176e+01
4.338391922689330471e+01
4.152131291926362167e+01
4.035256455728850966e+01
4.225123603127007499e+01
4.209681583625804535e+01
4.591396857925691677e+01
4.458654314701616528e+01
4.222309545521736851e+01
4.473659848616792090e+01
4.284179877505791723e+01
4.343158277130883249e+01
4.149311741798675257e+01
4.680629298396478788e+01
4.551193672509018739e+01
4.473490837407340592e+01
4.571387140893376966e+01
4.460347898012745560e+01
4.620122149736787520e+01
4.649843538419235500e+01
4.732300902450728586e+01
4.705303287343838292e+01
4.607209584080081299e+01
4.771296260374390386e+01
4.782190766326340281e+01
5.326605689277219113e+01
4.513429282831513234e+01
4.318088140560833921e+01
4.624600474914350912e+01
4.481962841145524834e+01
4.468557284768841953e+01
4.576117420475766551e+01
4.400907205224793017e+01
4.537050693446398242e+01
4.378105468978554882e+01
4.460599791748637699e+01
4.551512564194769794e+01
4.720278416918002051e+01
3.981385485429832727e+01
4.707465833706417868e+01
4.730712710482609396e+01
4.799347005712024128e+01
4.578246974430881977e+01
4.631560295192163323e+01
4.617334164011348463e+01
4.676891984518076839e+01
4.517308249554103128e+01
5.655050401368092849e+01
2.281192590090898875e+01
3.951032591509791558e+01
3.909576204720023895e+01
4.250803284013652217e+01
4.153719502390950424e+01
3.837123816914900232e+01
4.250969350756340503e+01
4.654874545980062095e+01
4.651989712306315994e+01
4.393692548940256870e+01
4.730605160132991927e+01
4.232059277037760125e+01
4.133770531375670743e+01
4.766167036604404927e+01
4.106582448245293193e+01
4.608890836245362976e+01
4.398732707483087268e+01
4.674127179896995443e+01
4.635076373778127845e+01
4.436305510963804011e+01
4.506805003632304363e+01
4.799813672788292251e+01
4.650677676150863959e+01
4.707096093286262573e+01
4.303871399387060137e+01
4.437276205540466378e+01
4.844083274650397897e+01
4.743477870132113594e+01
4.724192469752391332e+01
4.410824952806608223e+01
4.524115623671428210e+01
4.601912147270410003e+01
3.808052752354965520e+01
4.827564326388327487e+01
4.776313913026762492e+01
4.984806023426342847e+01
4.766022768104059537e+01
4.419904117517733511e+01
4.558204064047470894e+01
4.807048716793055121e+01
4.851089533039051105e+01
4.525549197630336096e+01
4.714821960002574741e+01
4.512117193419043559e+01
4.359400476802269964e+01
4.694129015741090427e+01
4.647514303180240347e+01
4.556683248069223424e+01
4.599500709630551398e+01
4.881237759911743979e+01
4.854917985891486154e+01
4.805674360803177336e+01
4.722778668936181390e+01
4.628785780783930193e+01
4.542434256457616470e+01
4.182998851104805738e+01
5.040368834878348991e+01
4.936339622841803987e+01
5.067332817363563890e+01
4.881560252849570247e+01
4.926150176521214519e+01
4.950290912538802957e+01
4.822558318351777018e+01
4.858058864715383152e+01
5.071041288411228010e+01
4.975342981014739507e+01
5.046634728358377231e+01
5.095069486524086955e+01
4.889495713727726667e+01
4.962064343870773797e+01
4.875509039903361952e+01
4.969384287059163086e+01
4.703405791549810999e+01
4.812852758758524629e+01
4.758074086030186578e+01
4.611291833870348711e+01
4.714767583804349727e+01
4.646926855553461877e+01
4.524894360399125759e+01
4.906660555557177616e+01
4.761416351414275283e+01
4.731803727111841340e+01
4.704130894489361481e+01
4.787848264816503274e+01
4.986373418514271805e+01
4.739240825918558642e+01
4.539768178110156072e+01
4.672595082706532565e+01
4.749034272146933233e+01
4.508221458314641694e+01
4.681558541954151309e+01
4.874436924631403656e+01
4.925149966019471037e+01
4.861125723436938273e+01
4.754754583134491241e+01
4.760715013739375934e+01
4.877878714972759155e+01
4.836368288315050279e+01
4.866356571976551493e+01
4.898041195112734414e+01
4.816005292629735379e+01
4.632953586449939820e+01
4.997410663825579746e+01
4.944207869819181411e+01
4.809012098883458464e+01
4.869750966482540377e+01
4.718755935527865830e+01
4.680097899752192347e+01
4.868828256133670607e+01
4.896788365717615932e+01
4.796281340418394734e+01
4.854757452936270568e+01
4.813339026032947743e+01
4.781623882287229321e+01
4.830771399976593727e+01
4.821875368294628572e+01
4.899019050106288375e+01
4.911460527723752278e+01
4.941953606287857781e+01
4.881602806086266355e+01
4.822128456384490391e+01
4.870583484221341308e+01
4.750008443001167535e+01
4.912508013217834701e+01
5.076432436615574773e+01
4.860355208178732767e+01
4.897566622117130919e+01
4.744673389606960967e+01
4.735474458126022057e+01
4.724636945348698447e+01
4.695280268423083214e+01
4.723058418682587956e+01
4.871386031793323212e+01
4.800824160000556873e+01
4.672580932536428833e+01
4.625465563780780798e+01
4.618575579253065655e+01
4.646517951894069398e+01
