-6.684376339038403003e+00
-6.684376339038403003e+00
-6.684376339038403003e+00
1.902952477454032731e+01
2.609540726501397856e+01
2.142247978966460309e+01
3.984286422348849044e+01
3.911317265373941154e+01
2.149852996293393304e+01
2.892888868352036980e+01
3.528253058703351996e+01
4.064821705939566954e+01
3.520610032971505632e+01
3.710375379325249412e+01
3.780288290192234513e+01
5.319834415039493791e+01
4.254133235862485662e+01
4.158261771284060160e+01
4.148200685679968558e+01
3.733164877841392837e+01
3.510025656402936534e+01
3.426202289637082288e+01
3.835603760605668811e+01
4.031365102737913730e+01
3.987204356435366037e+01
4.034873838545237845e+01
4.379375284622319953e+01
4.148012321858718110e+01
4.322726068880966466e+01
4.896032683030794885e+01
4.490019992336408450e+01
4.453766810180916025e+01
4.777469680987020695e+01
4.097899775353701557e+01
4.213312962120186711e+01
4.508111817983890290e+01
4.616812388302615489e+01
4.393814784581940813e+01
4.194667710504505465e+01
4.325638730542866028e+01
4.508394614226286023e+01
4.420326369296677171e+01
4.229456485548340794e+01
4.634182629469682269e+01
4.233639125259588809e+01
4.613770027863323264e+01
4.572048908833589564e+01
4.608408371171809392e+01
4.698538153978238086e+01
4.724503116820581994e+01
4.610360474978268286e+01
4.788296090834042218e+01
4.795823354930544724e+01
4.700959597150357183e+01
4.634958430787069972e+01
4.522920281959729749e+01
4.489759447156440331e+01
4.365769128083488937e+01
4.422737852824771210e+01
2.553516881021768015e+01
2.638683036941252880e+01
4.108387742999382652e+01
4.543504322615980584e+01
4.546295777664087012e+01
4.524399451795623861e+01
2.449385632174576699e+01
3.622084669158595460e+01
4.026418400238754458e+01
4.886165209617296767e+01
5.053394125666885373e+01
4.544571443770683317e+01
3.563303991784143676e+01
3.651483662742161584e+01
4.783367820179559970e+01
4.648519413813611578e+01
4.658751392816891013e+01
4.596337583133726667e+01
4.408749659329955506e+01
4.485973694317799243e+01
4.821614725449612138e+01
4.863273780633255683e+01
4.540355977271655519e+01
4.480737179647803003e+01
4.471034132105443604e+01
4.520328264773746696e+01
4.468730753811602341e+01
4.510916218121071353e+01
4.464551477379770716e+01
4.540153751561510376e+01
4.625134781775457782e+01
4.709913739853375603e+01
4.723690625229052387e+01
4.573039651779330228e+01
4.856712947674993330e+01
4.646217880751866147e+01
4.746005655600790618e+01
4.612934756492276023e+01
4.579069449655499824e+01
4.659206173501461024e+01
4.515763607837272531e+01
4.642041467036583668e+01
4.771120341249225305e+01
4.665811064277549747e+01
4.697017489186288230e+01
4.640288897863742079e+01
4.733897409359768460e+01
4.667749370380183649e+01
4.468487213495690469e+01
4.822063010671258354e+01
4.482589329165189440e+01
4.444080355596697984e+01
4.526252475595382663e+01
4.632368812877827224e+01
4.627903013757364903e+01
4.459363041218064438e+01
4.704452742804969745e+01
4.555328468468691483e+01
4.579690385222487237e+01
4.523814655727647960e+01
4.614125186574000992e+01
4.781870479762326909e+01
4.740891045323521524e+01
4.668271305828997697e+01
4.523662569763972385e+01
4.566147438630069644e+01
4.617726968232884133e+01
4.574456469809881298e+01
4.572234184048062389e+01
4.698137684058006158e+01
4.788603491574865245e+01
4.594487771474972959e+01
4.821751536118193115e+01
4.568869759638526773e+01
4.703479002676432685e+01
4.614419718909257284e+01
4.694018217096520829e+01
4.573753933588612597e+01
4.680277731212696324e+01
4.605932594965999272e+01
4.549571267311438305e+01
4.583374657715891232e+01
4.552378660404731647e+01
4.587290971123697148e+01
4.658246734802567346e+01
4.806575269893780700e+01
4.714148435766820455e+01
4.517354234976844651e+01
4.757023017697072476e+01
4.645204944357134025e+01
4.719261205971135098e+01
4.715727895381790091e+01
4.845457420057617526e+01
4.705414051389051622e+01
4.765960968361653016e+01
4.753371714921033231e+01
4.763794130675275795e+01
4.652844771409461799e+01
4.682670733753927550e+01
5.008800744458883969e+01
4.915026929789455323e+01
4.946836644105893299e+01
4.653068528641636448e+01
4.995315056443605073e+01
4.924467810724547689e+01
4.865508707083415629e+01
4.789285685867606190e+01
4.814692964369895378e+01
4.737055746228952557e+01
4.825779807531453969e+01
4.850006703884093184e+01
4.682356186770078210e+01
4.819916153414568782e+01
4.864667920426058600e+01
4.837033978868117856e+01
4.760525600927267931e+01
4.801940545732856691e+01
4.625617520640224001e+01
4.770365666623620626e+01
4.739242042504527319e+01
4.812357526657517326e+01
4.717097603484766921e+01
4.947139331757882985e+01
4.907406591918204697e+01
4.788482862795611794e+01
4.824598320670882146e+01
4.646234588009612310e+01
5.039186218417184904e+01
4.754489263655334241e+01
4.728022564409052109e+01
4.762806269768086054e+01
5.171865570837718451e+01
4.831973876669739809e+01
5.205684795602599024e+01
5.109764901492666667e+01
4.848458143994013625e+01
4.818145980621720526e+01
5.155020188599879560e+01
4.977331749535454719e+01
4.697246378917211729e+01
5.136090056716481200e+01
4.675272460947407183e+01
