-3.635536563167277357e+00
-3.635536563167277357e+00
-3.635536563167277357e+00
-4.275790360592682191e+02
-1.400968738918053873e+02
-1.228354504533426308e+02
6.418903904017340665e+02
8.878170413087003681e+02
9.667454315809075069e+02
1.450194160841295570e+03
2.201323775474952981e+03
2.290661893936466640e+03
2.606635760279164515e+03
2.832942474367978321e+03
3.017764267281372213e+03
3.450662789247801811e+03
3.339215125683670522e+03
3.138418779026326774e+03
4.026939567223862923e+03
3.921179250253971986e+03
3.979908969028258525e+03
4.276608167190604036e+03
4.925130809608065647e+03
3.888787863845124775e+03
3.716005604677322026e+03
5.456542175038088317e+03
4.875221513957081697e+03
5.291566726567191836e+03
4.855583158588132392e+03
5.577105654451120245e+03
5.617184637611329890e+03
5.424331378807028159e+03
5.615238218629600851e+03
5.716976994912065493e+03
5.916721753483870998e+03
5.816720674998220602e+03
5.926602252034967023e+03
6.090906664120975620e+03
6.243686986156159946e+03
6.253396097198717143e+03
6.370657701845440897e+03
6.395474693266426584e+03
6.500565592923418990e+03
6.547827775992131137e+03
6.668913438432607109e+03
6.571687505912779670e+03
6.690641122870723848e+03
6.703248498137332717e+03
6.695902624441841908e+03
6.897283244069064494e+03
6.833810780374643400e+03
7.027266483094087562e+03
7.061586529241818425e+03
7.119352614036646628e+03
7.155689483487074540e+03
6.918019010097576029e+03
7.171657480153010511e+03
7.208415671131306226e+03
7.227062302303167598e+03
7.111688045588600289e+03
7.242560672217829051e+03
7.544154193371435213e+03
7.433743358500214526e+03
7.306566382653114488e+03
7.641022580847286918e+03
7.612480822604627065e+03
7.398450507505653150e+03
7.778570221632044195e+03
7.743566582148070665e+03
7.680285838054160195e+03
7.797397192462408384e+03
7.902929041349753788e+03
7.920435912889828614e+03
7.815471754389943271e+03
7.696277132638654621e+03
7.874174575232549614e+03
7.847381558471104654e+03
8.131222928138367024e+03
8.125105745744316664e+03
8.240861308987197845e+03
8.390301571759231592e+03
7.916045619400725627e+03
8.020929536205860131e+03
8.259997813911939375e+03
8.463153067324446965e+03
8.323145233066492438e+03
8.157009371730899147e+03
8.471516151256419107e+03
8.591024949232527433e+03
8.426009996541022701e+03
8.750700658440833649e+03
8.481236007340412471e+03
8.576325082392220793e+03
8.561731511554231474e+03
8.738863030194488601e+03
8.724224266780969629e+03
8.748861124886072503e+03
8.624115111681150665e+03
8.490832120353541541e+03
8.947931339145792663e+03
8.759227213402853522e+03
8.806966104614171854e+03
8.652274350754720217e+03
8.944173982330346917e+03
9.051528066612667317e+03
9.065983318141679774e+03
9.154357965788220099e+03
9.295833536673057097e+03
9.240117068992920395e+03
9.327955624130405340e+03
8.953249507472948608e+03
9.446244976581627270e+03
9.510616755079525319e+03
9.321718434995689677e+03
9.285025221566027540e+03
9.289689955911839206e+03
9.328802221583480787e+03
9.457741020036108239e+03
9.550569976530048734e+03
9.407400605986380469e+03
9.623900630669271777e+03
9.317231244173382947e+03
9.509311230182813233e+03
9.511031145559796641e+03
9.655119090567601233e+03
9.673859374436207872e+03
9.652692770666348224e+03
9.636656373873840494e+03
9.682940648675477860e+03
9.730177625529044235e+03
9.540861848245644069e+03
9.689904094574256305e+03
9.797109884994881213e+03
9.802256543559158672e+03
9.779593360930597555e+03
9.611585678371720860e+03
1.001565557438040923e+04
9.856507522727766627e+03
9.897325016224422143e+03
9.891621997235797608e+03
1.000678766786396591e+04
9.974457419320275221e+03
9.925278110818144341e+03
1.000193328236993511e+04
1.007173152035737803e+04
9.913397244398893235e+03
9.921826763527284129e+03
1.012448689442351679e+04
9.907467611661613773e+03
1.000020661255741470e+04
1.012672800036061744e+04
1.000608750423600031e+04
9.995282485619507497e+03
9.405982482633355175e+03
1.001725962169615559e+04
9.946800605008775165e+03
9.892159964466878591e+03
1.026679610565907569e+04
1.016003060966133671e+04
1.018428314404485172e+04
1.019908021889879456e+04
1.034901475884258616e+04
1.027550534038404840e+04
1.016394006204974903e+04
1.003945223597955555e+04
1.030093955809357794e+04
1.030136199720915829e+04
1.035797235297304724e+04
1.025944711027034282e+04
1.043986183821747545e+04
1.037911255593045826e+04
9.627697499562564190e+03
9.867705066927206644e+03
1.042708013431544896e+04
1.034353107582842495e+04
1.040990647314372109e+04
1.040813975751815815e+04
1.045485669061445697e+04
1.014793436325753100e+04
1.049454369248219700e+04
1.030074200766599461e+04
1.053567714746388265e+04
1.010474234511670875e+04
1.025994830722020561e+04
1.051310477962622099e+04
1.034642219425246367e+04
1.058085192785515028e+04
1.039256382009353183e+04
1.053720471495858874e+04
1.046660813605795920e+04
1.037878291593451831e+04
1.011305096977520407e+04
1.050226176887438123e+04
1.059404288291475132e+04
1.054660994998860588e+04
1.044393989836458422e+04
1.048205531683477602e+04
1.047229195019376129e+04
1.051379639295987909e+04
1.067323414597790179e+04
1.063637533250484921e+04
