-1.079171705071490983e+01
-1.079171705071490983e+01
-1.079171705071490983e+01
2.069019193199457618e+01
1.233342354744373814e+01
3.417308724180487189e+01
3.886789948884256063e+01
3.435767687556769090e+01
3.112825235366171839e+01
4.791276652541608883e+01
4.450211719624767426e+01
5.082310148829766661e+01
5.014582099299962437e+01
4.842094935839651981e+01
5.394645825586692212e+01
5.206793289367679733e+01
4.774355201161728246e+01
4.914519197331139821e+01
4.943711364628274652e+01
4.590026596353998656e+01
5.014854267610685667e+01
5.149019306144854369e+01
4.990215660301244327e+01
4.933546855296687994e+01
4.906345710202418786e+01
5.158523150003187396e+01
5.108914821689639041e+01
4.858795612970652655e+01
4.735565933168557251e+01
4.587848746521053300e+01
4.359237887143341084e+01
4.264113080415457802e+01
4.845345005451012810e+01
4.506913746916380603e+01
4.513540184015160861e+01
4.986053065574005672e+01
5.227284160925027834e+01
5.027495206827104823e+01
5.460516412836908273e+01
5.196380460105801546e+01
5.325807708517216810e+01
5.494745813194818851e+01
5.409109135795985424e+01
5.378777264331464636e+01
5.454721090237335090e+01
5.598976518310026051e+01
5.329506868852452328e+01
5.328386113517531442e+01
5.745016157080084440e+01
5.462055793829199501e+01
5.390304673193782037e+01
5.301984791473400094e+01
5.161528236267135128e+01
4.267212400477053080e+01
4.475387835198982600e+01
4.508557456412779629e+01
4.353673365552045738e+01
4.681649681549640718e+01
4.477599417736509224e+01
5.681940554676380373e+01
6.007820715478742102e+01
4.679915797773769270e+01
5.392161075901496048e+01
4.629574046128411169e+01
4.390144671611381710e+01
5.241529610660209926e+01
4.500809799368952469e+01
5.417362720489292371e+01
5.741466287248956490e+01
5.573119999584449857e+01
4.774287294829822770e+01
5.221695041446402286e+01
5.296343525308682132e+01
5.836003355150787542e+01
5.233801501192166228e+01
4.950189341114570141e+01
5.529232455691575154e+01
6.029292166545475595e+01
5.398088460914315334e+01
5.999095264694127394e+01
6.122162594510690781e+01
5.956260233056341491e+01
6.109069803356582895e+01
6.048077064960371274e+01
6.040186146681247692e+01
5.977895951071485570e+01
5.918980280248903370e+01
6.093827854441325087e+01
6.178572285990641433e+01
6.032151978894084010e+01
6.036676336075598925e+01
6.048047779548926428e+01
6.201230747359509365e+01
6.123551306980514397e+01
6.127065425191364056e+01
6.024400907224431734e+01
6.031106569484863655e+01
6.021140426132090795e+01
6.190588961083481934e+01
6.035685291379205353e+01
6.141152403481406452e+01
5.998046917293112301e+01
5.880958714464698289e+01
6.151414455452373886e+01
5.999104378789061087e+01
6.092978388016135938e+01
6.118536896639403722e+01
6.148441627860884040e+01
6.148768772877078703e+01
6.124902971702008614e+01
5.986559562705773629e+01
6.150119353711943404e+01
5.985069266313356451e+01
6.076457974365507653e+01
5.986643429535045868e+01
6.114481138461477627e+01
6.140916498535157331e+01
5.778049013330594619e+01
6.139333031302891186e+01
6.078956055888111365e+01
5.852238942990156545e+01
6.032187599959918600e+01
6.023430036680419164e+01
5.947427135752825222e+01
5.985618231847819004e+01
6.012142116001943037e+01
5.875308869465228412e+01
6.044721799086346437e+01
6.158710188264424090e+01
6.150735739337700636e+01
6.049607897506466259e+01
6.004328906392557741e+01
6.136736093984139728e+01
6.121662794718862699e+01
5.987236034834296561e+01
6.073913784178984088e+01
5.901344010462385370e+01
6.200795350584062504e+01
6.040832447723337140e+01
6.266189053624260907e+01
6.046514817631104677e+01
5.996199109443024611e+01
5.975045033533874772e+01
6.079107300270933223e+01
6.171607422439336688e+01
6.138145381565080072e+01
6.252322916906759076e+01
5.872455612350933052e+01
5.903642482633965471e+01
6.047046084249289777e+01
6.012499340504506051e+01
6.024240611860513184e+01
6.049027844481783944e+01
5.971366112344634303e+01
6.171265239622471199e+01
5.846915756469201142e+01
5.959624823870653643e+01
6.202197664888838347e+01
5.959189607052856985e+01
6.329384310066063790e+01
5.994512908737651458e+01
6.125933959776364190e+01
6.133964143843555661e+01
5.766956447494924021e+01
6.030907914759630017e+01
5.972988296789984730e+01
5.986606509888733996e+01
6.069892729394037900e+01
6.125896662160914730e+01
6.062119555321586262e+01
5.989638497351029400e+01
6.277351478381291372e+01
5.983701018004937566e+01
5.987741601301460292e+01
6.140647578145261321e+01
6.041820814969170073e+01
6.067917954671651160e+01
6.056456603343034573e+01
6.039393035905234086e+01
5.999965528154082506e+01
6.031568172233021130e+01
6.011450859288765969e+01
6.150987003438662981e+01
6.023365023569175492e+01
5.885145235009546383e+01
5.833605622538972568e+01
6.021856437327015499e+01
5.855157432955721930e+01
5.998363961692302837e+01
6.069489235498885904e+01
5.620400444458802980e+01
5.812676344573070253e+01
6.057345687365153708e+01
6.043092490004909223e+01
5.867844919928073466e+01
6.116544105471085402e+01
5.906904545679792307e+01
5.845383969709068595e+01
6.071230483437270919e+01
6.281283057435818762e+01
6.030307432627309083e+01
