-2.280455799554608376e+01
-2.280455799554608376e+01
-2.280455799554608376e+01
2.073596946994502943e+01
1.349636774139175088e+01
4.193977107402612603e+01
1.460083594313467437e+01
3.387340020372483451e+01
3.814774379015407391e+01
3.247337905736982577e+01
4.125902714090183565e+01
5.598537867843049298e+01
2.182120786626420994e+01
3.865019925424179092e+01
3.645277768034553389e+01
3.632597574555651221e+01
3.745972900699274533e+01
3.940891218973537491e+01
4.083472250504753021e+01
4.086150468428877502e+01
4.108240753849960214e+01
4.171912063035457408e+01
4.150263472026220057e+01
4.200477856107223573e+01
4.332225624203442749e+01
4.354374239007442782e+01
4.313882016059167057e+01
4.316648039775835599e+01
4.279051273354996709e+01
4.463854492822112263e+01
4.372756326999044774e+01
4.602429641183921660e+01
4.546898890945151095e+01
4.511017152006240138e+01
4.852388657769913749e+01
4.937749048141510855e+01
4.911573058199065400e+01
4.508679426504539123e+01
4.657108793617662457e+01
4.780860530342116732e+01
4.799227780030195589e+01
4.910149054715925843e+01
4.804200903711915771e+01
4.869888651755518083e+01
4.664400787538653503e+01
4.811373032162473606e+01
4.758247265532496328e+01
4.832350716632623744e+01
4.862494631867438244e+01
4.719618897344381736e+01
5.256251233253529875e+01
5.376359617841679039e+01
4.997554133738640303e+01
2.250606614635498204e+01
3.541046997521861783e+01
4.909912527345944966e+01
4.368627850249509237e+01
7.443914524846664449e+01
4.849826379827850076e+01
4.911194448265833756e+01
5.780377142711533622e+01
5.539420269419338183e+01
6.079853080608502580e+01
4.833437876718105741e+01
6.127687235447832848e+01
5.500411441000738932e+01
6.047469328599468241e+01
6.456748599393935706e+01
6.390705334589796394e+01
6.128176043558098485e+01
6.255525829704183849e+01
6.454948569879307740e+01
6.108868411569293499e+01
6.341605119976046723e+01
5.279314534815504345e+01
5.862179005412158261e+01
5.812395628208440712e+01
5.699679659559429723e+01
5.553129357068888794e+01
5.782008535007936700e+01
5.599744213622280142e+01
5.219150084838361181e+01
5.032009950748219040e+01
5.048516283698946694e+01
4.980961706801048905e+01
4.988128959571555043e+01
4.416249490208260653e+01
5.154477108831870424e+01
4.733994662706421508e+01
5.590811935159455004e+01
5.424692238658026611e+01
5.238858411031507245e+01
5.213790853262013059e+01
5.526419115848210595e+01
5.607169809485542089e+01
5.782423117001837909e+01
5.699926532840830617e+01
5.721087023783741188e+01
5.707837578960175051e+01
5.930213126209696384e+01
6.181344875282078277e+01
6.131097909684712022e+01
6.011307314282900904e+01
6.188742985731444435e+01
6.154327350728917878e+01
6.296912368479333111e+01
6.271423230264615256e+01
5.853002447713942047e+01
4.876032306607774558e+01
5.552533034982771909e+01
6.026841591914749330e+01
6.068274404046733395e+01
5.860737428866777066e+01
6.371723074938687148e+01
6.380678699581390134e+01
6.372897340136559308e+01
5.944436061636258728e+01
5.830574259676323123e+01
6.149169661225703010e+01
6.404424270272807007e+01
6.356649896267389011e+01
6.267672189836646623e+01
6.224809249937351296e+01
6.413364848069355162e+01
6.418790601579466681e+01
6.384209363070489474e+01
6.256334329880257883e+01
6.161228940323500325e+01
6.378635609997999012e+01
6.570254359175588377e+01
6.259208168257974592e+01
6.416462844614036953e+01
6.498737886781120210e+01
6.258924967999200817e+01
6.436352357461765905e+01
6.398860487552278897e+01
6.497178489646077537e+01
6.449536510809153356e+01
6.500000035868895054e+01
6.490986175897218402e+01
6.561123213404363241e+01
6.424015671945957706e+01
6.580733067285302695e+01
6.439058470420441438e+01
6.449187677343823566e+01
6.518264450741909855e+01
6.502289809891915695e+01
6.494711871592235752e+01
6.347982614388752154e+01
6.507473751051881550e+01
6.626884580446679252e+01
6.594820912525378276e+01
6.587284307212578938e+01
6.334785511393047130e+01
6.529021768262207104e+01
6.489829043410577469e+01
6.488953121465584672e+01
6.331190419391011659e+01
6.453001172376477257e+01
6.480112651462715689e+01
6.534990503139870555e+01
6.558632215608903948e+01
6.532133798565998006e+01
6.398052773372220514e+01
6.520239298868658295e+01
6.558124489023350634e+01
6.506735810713936985e+01
6.630488821512469144e+01
6.476263474282754373e+01
6.551981073102049891e+01
6.461455008190868909e+01
6.750593190411031230e+01
6.389631245391721137e+01
6.278765052418494719e+01
6.599518025970107260e+01
6.520181723580783739e+01
6.537183738082654827e+01
6.560396240735265394e+01
6.370137625605521237e+01
6.469538143492857785e+01
6.552441941750160481e+01
6.502933149463065376e+01
6.504658119878101274e+01
6.519501962171560194e+01
6.664354413415132683e+01
6.606438301965656024e+01
6.630159140615492674e+01
6.645293145135600810e+01
6.675561452465201739e+01
6.452295598773619645e+01
6.599280424146280666e+01
6.425799240822098568e+01
6.704314315258673673e+01
6.345811054754856428e+01
5.569837117893494849e+01
6.290668163640744126e+01
6.523416697662447916e+01
6.386897275551532260e+01
6.589825343358761245e+01
6.344681482345369972e+01
6.464908736870179951e+01
