-1.846539554921904580e+00
-1.846539554921904580e+00
-1.846539554921904580e+00
-4.201056177185772640e+02
-1.211881268890686272e+02
3.827718372145527042e+02
7.919706724288892019e+02
8.442567017227477209e+02
1.723680188575499415e+03
2.355233392716615981e+03
2.797854424068184926e+03
3.217180918874838881e+03
3.464426939772372862e+03
3.800182288419472570e+03
3.341147545232259290e+03
4.097559697716350456e+03
4.615892312989373750e+03
4.644501136231764576e+03
4.839903904220002005e+03
4.932684531527034778e+03
4.952523708012466159e+03
4.962668719242648876e+03
5.063889778033387302e+03
5.314101189473875820e+03
4.896757420248171911e+03
5.538401412543697916e+03
5.607489371008910894e+03
5.714865641173420954e+03
5.797377414572356429e+03
5.898591130693226660e+03
5.845576559528444704e+03
6.017133639015604786e+03
6.161112000115750561e+03
6.015990262574649023e+03
6.137581979891281662e+03
5.488425810519662264e+03
6.195448501167452378e+03
6.479590327324688587e+03
6.533951303690411805e+03
6.685967764960389104e+03
6.621271525548445425e+03
6.653806066749211823e+03
6.776562248616792203e+03
6.800508717055204215e+03
6.784083689062879785e+03
6.771567193948219938e+03
6.690534413091784700e+03
6.915491485272144018e+03
7.047942619384184582e+03
7.007354994874016484e+03
6.971420867281522078e+03
6.681507639107554496e+03
7.155669111502696978e+03
7.077465684617260194e+03
7.095212259299303696e+03
7.284248264035350076e+03
7.202322593003294969e+03
7.295870278024902291e+03
7.341277416494232966e+03
7.284070970519729599e+03
7.485829019569000593e+03
7.520950744084102553e+03
7.399735729534842903e+03
7.487584802404208858e+03
7.428965173150953888e+03
7.754985624214753443e+03
7.572007859120911235e+03
7.526326859235943630e+03
7.642306135354279832e+03
7.658719754210124847e+03
7.756695530864582906e+03
7.835707463837937212e+03
7.694674023960646082e+03
7.678040577509363175e+03
7.710220057723662649e+03
7.888919676089390123e+03
7.785717255764760012e+03
7.712790525488371713e+03
7.838241643453198776e+03
7.942504199343691653e+03
7.873230009127828453e+03
7.944205848368881561e+03
7.983617530273966622e+03
7.974899607330402432e+03
7.893281460525608054e+03
7.958838027929227792e+03
7.939421475236942570e+03
8.114821623819218075e+03
8.050793274478919557e+03
8.261881555858821230e+03
8.285766524373137145e+03
8.251063241921485314e+03
8.302442354238544794e+03
8.260702911789761856e+03
8.226554903880365600e+03
8.420686574250532431e+03
8.354376642381725105e+03
8.349833654881604161e+03
8.352801766545779174e+03
8.276614740706676457e+03
8.501909693445273660e+03
8.473004402902279253e+03
8.443079815569022685e+03
8.561983325691940991e+03
8.422733026216814324e+03
8.603069150593108134e+03
8.253331486552135175e+03
8.555487085777611355e+03
8.633572453596727428e+03
8.446047108827511693e+03
8.662016721428226447e+03
8.517231701213120687e+03
8.335698202783469242e+03
8.652138141565073965e+03
8.337877003420251640e+03
8.885466228339393638e+03
8.757393108810385456e+03
8.469442842555828975e+03
8.659043125266314746e+03
8.766897184010718775e+03
8.635757149519404265e+03
8.755473153369759530e+03
8.722349727531985991e+03
8.748943733222175069e+03
8.901987498980774035e+03
8.837614388623913328e+03
8.810234623436805123e+03
8.800024039929669016e+03
8.784910808710454148e+03
8.753288418690708568e+03
8.780003196238016244e+03
8.871930358933697789e+03
9.006299054698461987e+03
8.827475485097793353e+03
8.920689159203320742e+03
8.793718788858192056e+03
8.910629640015078621e+03
8.907621583996720801e+03
9.040343890734333399e+03
8.834049908377774045e+03
9.099006177608624057e+03
8.809117327729018143e+03
8.965655471309877612e+03
8.932288436103566710e+03
9.190693480534935588e+03
8.823738578553546176e+03
8.715718622630256505e+03
9.079812273225566969e+03
8.983432776129049671e+03
9.037285116098966682e+03
8.953771065142802399e+03
9.150443481202475596e+03
8.973290296654551639e+03
8.909417614417954610e+03
9.093668966953931886e+03
9.110917563724071442e+03
9.032062508977560356e+03
9.008876657003864239e+03
9.236179927274379224e+03
9.213602971689966580e+03
8.974385216890001175e+03
9.158540864281798349e+03
9.255163929182073844e+03
9.251693951809305872e+03
9.224333261892152223e+03
9.161559518289192056e+03
9.257312141127202267e+03
9.199865297455313339e+03
9.061547527952814562e+03
9.266762493427941081e+03
8.968805649945554251e+03
9.034618468172207940e+03
9.193284114912912628e+03
9.309317868033327613e+03
9.407357207578997986e+03
9.273023169387121015e+03
9.341456560773522142e+03
9.299234231308901144e+03
9.294119460189718666e+03
9.460758063183810009e+03
9.421072407778190609e+03
9.430587291989240839e+03
9.296737515558494124e+03
9.133740506187303254e+03
9.381416100154445303e+03
9.451232581307671353e+03
9.394418024032402172e+03
9.496890123307372050e+03
9.326565933176501858e+03
9.466587722038795619e+03
9.419391029854490625e+03
9.344461583300902930e+03
9.569702282978551011e+03
9.581272599484240345e+03
9.442436892428037027e+03
9.585225006724745981e+03
9.626067016407585470e+03
9.518613954759497574e+03
9.445902792421629783e+03
9.482725647015166032e+03
9.371210858670494417e+03
