-2.286112588753932418e+00
-2.286112588753932418e+00
-2.286112588753932418e+00
-3.021035308969849780e+02
-2.220822173404594650e+02
9.917740980757582747e+01
7.649164391741668396e+02
1.288965539072476986e+03
1.597934002884362144e+03
2.236461506295399886e+03
1.971187144558699174e+03
1.832381486507395948e+03
2.190288976699209343e+03
2.576753989777875631e+03
3.101179336835717095e+03
3.636432046263837947e+03
3.679576034916027766e+03
4.131206649228403876e+03
4.142069971739383618e+03
4.413193089583866822e+03
4.575524613207607217e+03
4.637334099089069241e+03
4.547065159499985384e+03
4.666721701192391265e+03
4.648812361180251173e+03
4.741459160408199750e+03
4.732071641070768237e+03
4.859765576091451294e+03
4.848559994378685587e+03
4.983529639447452610e+03
4.925398537984959148e+03
4.940766540122180231e+03
4.911285480552418448e+03
4.955232740605291838e+03
4.957855080337006257e+03
4.990974199236108689e+03
4.947942255906479659e+03
5.075888609951603939e+03
5.038150055296977371e+03
5.154082267245174990e+03
5.119413770469028350e+03
5.185571442870141254e+03
5.152683007991571685e+03
5.204934632079518451e+03
5.258755357371745959e+03
5.311871690940757617e+03
5.331449763576680198e+03
5.318348170210479111e+03
5.459227101009123544e+03
5.457224912172909171e+03
5.384113051830949189e+03
5.453038258670360847e+03
5.415617378911027117e+03
5.492048913758490926e+03
5.510252113361318152e+03
5.559735467185171728e+03
5.612917424739194757e+03
5.788073030682906392e+03
5.659737307051071184e+03
5.749217938805920312e+03
5.693903457407034693e+03
5.904725225698737631e+03
5.831606728280685275e+03
5.747546169422248568e+03
5.859276703505988735e+03
5.944383522350583917e+03
5.973603485722437654e+03
5.900966845363011998e+03
5.973351576532142644e+03
6.049542254203067387e+03
6.024791248290092881e+03
6.042585620821839257e+03
6.065440066654463408e+03
6.024593154952123768e+03
6.062109433313739828e+03
6.168114748593971854e+03
6.247300524427658274e+03
6.200478590104238720e+03
6.241065968914971563e+03
6.320949060258290046e+03
5.973549100924172308e+03
6.313034479787581404e+03
6.257760581025535430e+03
6.249221410759383616e+03
6.203578792072390570e+03
6.250577007457609398e+03
6.555462860333294884e+03
6.171889321745249617e+03
6.457816645417527070e+03
6.251884412483056622e+03
6.544950414091299535e+03
6.350904853056550564e+03
6.441966671116550060e+03
6.612491234440662083e+03
6.617213160629135018e+03
6.565505555761866162e+03
6.472309915380395978e+03
6.623984778217440180e+03
6.623519824402299491e+03
6.512102596261339386e+03
6.317309796512938192e+03
6.446584697580939064e+03
6.646418330522195902e+03
6.548869733777071815e+03
6.621610755302700454e+03
6.505715225421873583e+03
6.587132185473567915e+03
6.707627405153927612e+03
6.793897321052118969e+03
6.790435577721104892e+03
6.807985792282607690e+03
6.818415730492119110e+03
6.672033776662225137e+03
6.676779258048370139e+03
6.737434013373822381e+03
6.686577631439989091e+03
6.954342470086225148e+03
6.890632818612702067e+03
6.841898068591860465e+03
6.763332033132361175e+03
6.875617599605817304e+03
6.802255427166438494e+03
7.076113151889830078e+03
6.997418804723795802e+03
6.922301117908124070e+03
7.082641079673649983e+03
7.000856520942223142e+03
7.095635495190845177e+03
6.932300555154911308e+03
7.099573787134642771e+03
7.203674343994178344e+03
6.798002132084608093e+03
7.141540357860199947e+03
7.099859615288248278e+03
7.044475245468272988e+03
7.215793144954684067e+03
7.021456243332700978e+03
7.080008588934231739e+03
7.053592910182380365e+03
7.105826334079976732e+03
7.229083498018681894e+03
7.266649273603265101e+03
7.249003428400993471e+03
7.100717782861434898e+03
7.287608566873315795e+03
7.278249746642426544e+03
7.281372632789515592e+03
7.227455164943367890e+03
7.179456301194091793e+03
7.390826351822727702e+03
7.332068298876882182e+03
7.288730612617808220e+03
7.413840611879177231e+03
7.246243734234134536e+03
7.446095988610342829e+03
7.036917644527228731e+03
7.421472987472237037e+03
7.203014653714584711e+03
7.457891399161526351e+03
7.321138318978488314e+03
7.239236091261348520e+03
7.135940259511116892e+03
7.331055323510428934e+03
7.483668566198624831e+03
7.426902935411597355e+03
7.573888595928287032e+03
7.386118299684571866e+03
7.694925361621724733e+03
7.405015353861357653e+03
7.611258928058910897e+03
7.691038204587801374e+03
7.730738283354398845e+03
7.330647194305784069e+03
7.074114366809686544e+03
7.740758170212588084e+03
7.553759594276227290e+03
7.726434626854980706e+03
7.587379267537168744e+03
7.812555863554541247e+03
7.848534813969390598e+03
7.641200632226797097e+03
7.709779984529578542e+03
7.754125154865117111e+03
7.743569468138442971e+03
7.901960222998367499e+03
7.871202777612188584e+03
7.871669277945645263e+03
7.396490269863183130e+03
7.868055726180771671e+03
7.932495288393879491e+03
7.907053825201941436e+03
8.038426932352309450e+03
7.725159405961448101e+03
7.899220516415395650e+03
7.862837200812557057e+03
7.963100426751641862e+03
8.129336024153919425e+03
7.977184832070282027e+03
8.061535678762878888e+03
7.881097181598600400e+03
7.419499870528311476e+03
