-2.035609314932573355e+01
-2.035609314932573355e+01
-2.035609314932573355e+01
1.006525675961234967e+01
3.339051569681478782e+01
1.696894356341861254e+01
2.784963801884017442e+01
2.640090946880284406e+01
2.873262494779373100e+01
2.655809798841908531e+01
3.362305878909134549e+01
2.744066035930331893e+01
3.199726753952292668e+01
3.142948145875322297e+01
3.091623526523553522e+01
2.870070919390128594e+01
3.116187937104069761e+01
3.061688912351842262e+01
3.350861815676540800e+01
3.536231657478108303e+01
3.501781963690757493e+01
3.799371179361405382e+01
3.895044236020964235e+01
3.873113387434547406e+01
3.771164901849202522e+01
4.040594901821852858e+01
3.853135522847322392e+01
4.032698182841937040e+01
3.846761015800797168e+01
4.040438637553879886e+01
3.880258283825692445e+01
3.890294132456369169e+01
3.984153556200406143e+01
3.920583814042871751e+01
3.941011546297811208e+01
3.982839127705399562e+01
3.985100322007549067e+01
4.071506688447061606e+01
4.009383464687658005e+01
4.097791407093439631e+01
3.986750359784179665e+01
4.130886509352063740e+01
4.102469138099808532e+01
4.129849383377354854e+01
4.260301719549953248e+01
4.097155623140041314e+01
4.483944593092705588e+01
4.225657621500729277e+01
4.206773628796612030e+01
4.379237568404015946e+01
4.398972986539386909e+01
4.401188273664128303e+01
4.512989664824628022e+01
4.388286512260717132e+01
4.397864657824885626e+01
4.355580555577460444e+01
4.339847515055221550e+01
4.357727417296138839e+01
4.515941216738269048e+01
4.544050865938156392e+01
4.389989072499228939e+01
4.423134916714857923e+01
4.559592337403034890e+01
4.490123709708581856e+01
4.497219365680923886e+01
4.593774540581428312e+01
4.568052471289816197e+01
4.766395775435310611e+01
4.614609816666654041e+01
4.590840392397038983e+01
4.559757091129732487e+01
4.595250137773550847e+01
4.491470750935966549e+01
4.627962884986972369e+01
4.562952001960196924e+01
4.739657791695724143e+01
4.648321442516455448e+01
4.669241758421409827e+01
4.566152525681826546e+01
4.616306495672669996e+01
4.714781963889542027e+01
4.736095741168587381e+01
4.589694452386701329e+01
4.684872175522201587e+01
4.657502616010923191e+01
4.744245116752933455e+01
4.729773335522848043e+01
4.607098762310382511e+01
4.696318992590191499e+01
4.598181261189806435e+01
4.539751980281856447e+01
4.579992947319376384e+01
4.517584762547865296e+01
4.528631549040667892e+01
4.630869966285892048e+01
4.488574887829780380e+01
4.639385622910157991e+01
4.595125116172168589e+01
4.584264948237427006e+01
4.808459786441695627e+01
4.528157007194157302e+01
4.527686580986632237e+01
4.677565688625300311e+01
4.612084058464155589e+01
4.760264143347158949e+01
4.587025672495529705e+01
4.696803487185988502e+01
4.672225215955398880e+01
4.780257301598488340e+01
4.612571588910716969e+01
4.034219394822612514e+01
3.922048218288555432e+01
3.173998864382789975e+01
3.841344666139355724e+01
4.159876864381171657e+01
4.540239733807207045e+01
4.795191708353472393e+01
4.713603433938904175e+01
4.743608114273840926e+01
4.747376760101713700e+01
4.906166583615470245e+01
4.831631635997776186e+01
4.803930414291419027e+01
4.605908846004430757e+01
4.463357883763364953e+01
4.527752937593511717e+01
4.770092374791078527e+01
4.792772289566486421e+01
5.020123781481422043e+01
4.237959461739730926e+01
5.255709222360859201e+01
3.084099414696991559e+01
4.546598777417960946e+01
4.648750899164225103e+01
4.315299256350397883e+01
4.910363786778277984e+01
4.322270896404393170e+01
3.889595691706379199e+01
4.473730716471108337e+01
4.506300251030160098e+01
4.204299687846763334e+01
4.936047674549818964e+01
4.930117781096981844e+01
4.816504771259578632e+01
4.480628694740074991e+01
4.532790171142332269e+01
4.625694079192021491e+01
4.554109631954382564e+01
4.934991183130817660e+01
4.888260225939760772e+01
4.982598154858395390e+01
4.867509017655152093e+01
4.922759556815746151e+01
4.443275533200809946e+01
4.746912490221106395e+01
4.737054710186699680e+01
4.759417867408829750e+01
4.517346473907421966e+01
4.479361169582603708e+01
4.947604026836391711e+01
4.678684113072630879e+01
4.879499723847762027e+01
4.911227090516500482e+01
4.961762575447401247e+01
4.475940811637004657e+01
4.386613865659494849e+01
4.685537906860383117e+01
4.742120046492639318e+01
4.819916783444406860e+01
4.745523050049898472e+01
4.599606323346914394e+01
4.478163990391609417e+01
4.549219603980751003e+01
4.481805074145241008e+01
4.375770310229550830e+01
4.545141795892156722e+01
4.603223818381936638e+01
4.561680661832383521e+01
4.857304527849054665e+01
4.641575709683988293e+01
4.902680339899467299e+01
4.990210632645846545e+01
4.697245836816674824e+01
4.434304419190326740e+01
4.505506373670455389e+01
4.691633613186305496e+01
4.734818843445309255e+01
4.589727291466259373e+01
4.738751852792869812e+01
4.731583108098589463e+01
4.718176815739369090e+01
4.760986684075805897e+01
4.876598401861171794e+01
4.757043848220995130e+01
4.811470832976391421e+01
4.465901843718943809e+01
4.619191832322527347e+01
4.549356529796067150e+01
5.135481282923957735e+01
4.618096822721811634e+01
4.469324632284447318e+01
