-8.442563194473080568e-01
-8.442563194473080568e-01
-8.442563194473080568e-01
-4.487999167479109133e+02
-2.944309760271624441e+02
1.819011135991371759e+02
3.835060152770669220e+02
1.617805781806535833e+03
1.859512471482046067e+03
2.427807887949572432e+03
2.790583835704021567e+03
3.302934117068071828e+03
3.744156663506479617e+03
3.955330895555425286e+03
4.016996854422536217e+03
3.141977690439165144e+03
4.237552559814847882e+03
4.031038939143027619e+03
4.269637748731863212e+03
4.510196476401944892e+03
3.798526624586661001e+03
5.012905885055797626e+03
4.797592597959993327e+03
5.341412657984712496e+03
5.556933359865521197e+03
5.418488459016539309e+03
5.493478870753713636e+03
5.461046335706667378e+03
5.777505269347284411e+03
5.870152626085563497e+03
5.786660206423509408e+03
5.915272816085367594e+03
5.953832929493153642e+03
6.049038463702937406e+03
6.082450101337449269e+03
6.202708282069781490e+03
6.272848094400384070e+03
6.327122137562749231e+03
6.566167832005505261e+03
6.590352063513727444e+03
6.413353156764672349e+03
6.712993943771500199e+03
6.561412908245767539e+03
6.701900117461758782e+03
6.785208538077303274e+03
6.913775501607795377e+03
6.738957999147195551e+03
7.065029766011231004e+03
7.228837334175975229e+03
6.955166119482559225e+03
7.521803981514462976e+03
7.367655383078546947e+03
7.333005631441665173e+03
7.505997973652236396e+03
7.469716983769062608e+03
7.758582411238696295e+03
7.929108947003825051e+03
7.806889990407869846e+03
7.916690614229106359e+03
7.411187483289102602e+03
8.736210100060046898e+03
7.827228929857413277e+03
8.279123354635952637e+03
7.820394127348100483e+03
7.905733165581419598e+03
7.804936285365945878e+03
8.094755152384796020e+03
8.117266080115214208e+03
7.787879975822567758e+03
7.918104926108035215e+03
8.334806590264377519e+03
8.872960141406738330e+03
7.947495086907212681e+03
8.100963913037277052e+03
7.796774648217187860e+03
8.488817231762048323e+03
8.489937105849630825e+03
7.845547482442777437e+03
7.839148030823665977e+03
7.857594139668175558e+03
8.211153490574550233e+03
7.950936308376642046e+03
8.013164987322808884e+03
8.601148400173082337e+03
7.994860025367041999e+03
7.815631770020018848e+03
7.672719719582283687e+03
8.462800164908176157e+03
8.723741051177352347e+03
8.109464377810315455e+03
7.880584375584245208e+03
7.950186498095115894e+03
7.910422993572545238e+03
8.200935201771126231e+03
8.542416879984424668e+03
8.376322927770734168e+03
8.408322602506941621e+03
8.111019835443049487e+03
7.791924097199056632e+03
8.094955676230340032e+03
7.975375839108633045e+03
8.854130907359945923e+03
8.505593125432462330e+03
8.755644950946178142e+03
8.389223657891239782e+03
8.786967667857443303e+03
8.464665221484956419e+03
8.113692536760698204e+03
8.474244450704882183e+03
8.535957959236873648e+03
8.596051899694903113e+03
8.773870354639617290e+03
8.373563590016092348e+03
8.707838232293021065e+03
8.582917543256979116e+03
8.683201860175828187e+03
8.974676722397074627e+03
8.807492706832030308e+03
8.768730741416819001e+03
8.687961982624756274e+03
8.884167314104381148e+03
8.769825471040650882e+03
8.479961756508941107e+03
8.542738974391046213e+03
8.605017006306101393e+03
8.564842443163513963e+03
8.447733768764446722e+03
9.056144103758930214e+03
8.383919943952583708e+03
8.815203310203951332e+03
8.557441251674201339e+03
8.732782186271573664e+03
8.765258746783245442e+03
8.576964444589759296e+03
8.838806039813283860e+03
8.926278005634947476e+03
8.817338359400346235e+03
8.857930977193767831e+03
8.821560894683065271e+03
9.124141498693845278e+03
8.838846277938959247e+03
8.948544397364716133e+03
9.286215905288459908e+03
9.146706276569419060e+03
9.129791881836110406e+03
9.149574921381681634e+03
9.116904809946725436e+03
8.955586227840694846e+03
9.703088511387610197e+03
8.709000910643093448e+03
8.617164998197551540e+03
9.029879850167691984e+03
9.329060599630664001e+03
8.699396676837970517e+03
9.190442934823298856e+03
9.114067045169249468e+03
9.529526913253286693e+03
9.182048670847994799e+03
8.976182058702559516e+03
8.899376517097241958e+03
8.499317699103054110e+03
8.879510846627274077e+03
9.073257531583751188e+03
8.727259685525918030e+03
8.691456185464701775e+03
8.785132113851304894e+03
8.714563113439729932e+03
9.751717661677956130e+03
8.917288719539579688e+03
9.123438506433501971e+03
8.701188136481510810e+03
9.105280612836517321e+03
8.708159630438145541e+03
8.803756704043826176e+03
9.151913331119551003e+03
8.907195480000315001e+03
9.085214553738858740e+03
8.792497874715962098e+03
8.796486933900392614e+03
8.610010730351650636e+03
8.918972628602550685e+03
8.922360784582228007e+03
8.783165461388520271e+03
8.697470679909931278e+03
8.881286444309535000e+03
8.883953624477793710e+03
8.899809233602372842e+03
9.063214510206222258e+03
8.905348727309186870e+03
8.826002820667530614e+03
8.833691800921100366e+03
8.841045132299923353e+03
8.929749163161655815e+03
8.723345742557508856e+03
9.088785111403325573e+03
8.829936073269220287e+03
8.860292852329481320e+03
8.784295493153442294e+03
8.768476087388753513e+03
8.921418983333034703e+03
8.966558414075747351e+03
