2.549426804712470940e+01
2.549426804712470940e+01
2.549426804712470940e+01
2.674035926211467284e+01
-1.212306910432357387e+00
3.180413719323991728e+01
3.189196837748843194e+01
2.063183629462898239e+01
2.175478407477151421e+01
2.555897536054417785e+01
2.358751210204624726e+01
2.670062760246140598e+01
2.601770863276930257e+01
2.495238030886311975e+01
2.667869692308760321e+01
3.135360588377283619e+01
3.517373285275968442e+01
4.602479200303677942e+01
2.301898285212790540e+01
3.085118030307818415e+01
3.638593653427771102e+01
3.991268690930676399e+01
4.466388146804856518e+01
3.490869480946038550e+01
3.310576270021168455e+01
3.859729310464666696e+01
3.536977273239330088e+01
3.525322383282473027e+01
3.473736099154071155e+01
3.725117204503409596e+01
3.141910532307359816e+01
3.379966360734140096e+01
3.345483304788753998e+01
3.475208537715942470e+01
3.569373144076911331e+01
3.854476919229504972e+01
3.833598188547902907e+01
4.427328172417181662e+01
4.791526609841564266e+01
4.042932945897047148e+01
3.553109067485263495e+01
4.694146514409705162e+01
4.674421258673781665e+01
3.686514624378690286e+01
3.758845518248231343e+01
4.322909884711888395e+01
3.866793644344605241e+01
4.357937254278144934e+01
4.125703635009025305e+01
3.952091757299193375e+01
4.420515826497180711e+01
3.958987759112693539e+01
4.151383787394499336e+01
4.175287570036326912e+01
4.406184829072393683e+01
4.390546223079434185e+01
4.829455598400209482e+01
4.362783683107071653e+01
4.460832527460500785e+01
4.569708396779152793e+01
4.651700400443941419e+01
4.530450680737335034e+01
4.759850574216423524e+01
4.969055694481595964e+01
4.808555860676536042e+01
4.841667870720231548e+01
4.467382570780699069e+01
4.911644370540619775e+01
4.962435240772905587e+01
4.853904705666006691e+01
5.035944108179427303e+01
5.001592684655715004e+01
4.974745949708271553e+01
4.980881243652274293e+01
4.864302052007183619e+01
5.204773512197368746e+01
4.758024761173076911e+01
4.916581717699686749e+01
5.103740661081459251e+01
4.938557416905059938e+01
4.703760178479422649e+01
5.056578258261097147e+01
5.036112456726078790e+01
4.840499350690620162e+01
5.329538002214481907e+01
4.985362085054112669e+01
4.919560339994918508e+01
4.471607293922745896e+01
4.993684553824080297e+01
4.524827417784002392e+01
4.684153941605175930e+01
4.951459042808191668e+01
4.654065340525718852e+01
4.550437955808695278e+01
4.661858894837246936e+01
4.799110470573198484e+01
5.545351944137668454e+01
5.622263136120270843e+01
4.859330204992279079e+01
5.513916546299073929e+01
5.202051083205630988e+01
5.022450049679506634e+01
4.981842617652452532e+01
5.017512270412460396e+01
4.776428851914646856e+01
5.438821255254183740e+01
5.305823004728538450e+01
5.250215674954673517e+01
5.176557487788299028e+01
4.990308652691308566e+01
5.274530633793317236e+01
5.189496094761218359e+01
5.210048388139887265e+01
5.135956898470554677e+01
4.987640277210480377e+01
5.003590263817122263e+01
4.984894549348224757e+01
4.786788393443648459e+01
5.128576460856574926e+01
5.241871890932795708e+01
5.076458040271503336e+01
5.457534791575479716e+01
5.258065688600382970e+01
5.554910251311018499e+01
5.322963883252533890e+01
5.422181433000922368e+01
4.999636916452800506e+01
5.988332009505668196e+01
5.621852406215449349e+01
5.686397144567572326e+01
5.680503158145021558e+01
5.979632706018920629e+01
5.794705036914733398e+01
5.989347413306628454e+01
5.342342324540821608e+01
6.006946849629292728e+01
5.960516561926895207e+01
5.934406682205725758e+01
5.916964711243640807e+01
5.905702563471432853e+01
6.445663873864258164e+01
6.550931474088865514e+01
5.932067207727907032e+01
5.647171929294542991e+01
6.506574101638827301e+01
6.063736626442545230e+01
6.319441891061224936e+01
5.879527442275387017e+01
5.720563237812039148e+01
7.039307601549154469e+01
6.697536076674550998e+01
6.860115845892728714e+01
7.160652172116274983e+01
7.016676286888187519e+01
6.886288238968130315e+01
7.009723222109650465e+01
7.055646493808070829e+01
6.666463987959149051e+01
7.139667341237331755e+01
7.371183432452232864e+01
7.097663884474776808e+01
7.183829575746293017e+01
7.202753803036384284e+01
7.202249667628534269e+01
7.358399253972410747e+01
7.454238440952562428e+01
6.352750568946807874e+01
7.143841004044466558e+01
7.311042228535204401e+01
7.380800805801557374e+01
7.286489185594345486e+01
6.963533459422048111e+01
7.380546721001068988e+01
6.793035356847238404e+01
7.211581993553463121e+01
7.397393830482783983e+01
7.026916392292939406e+01
7.231715070603013373e+01
7.313247173599657458e+01
7.218162917676315260e+01
7.506654687728550357e+01
7.361872965497113341e+01
7.434875148230885600e+01
7.641876037645879194e+01
6.882474611400017750e+01
7.767460169430388817e+01
7.435357112604705776e+01
7.540944259466246535e+01
7.768874034123568606e+01
7.443199527810180882e+01
7.707300964279762923e+01
7.721441037615502978e+01
7.657510779387288835e+01
7.635287802931064505e+01
7.666477857005354224e+01
7.801058383723841416e+01
7.589524705650576664e+01
7.973833655640763141e+01
7.732706069665887583e+01
7.892727408290838298e+01
7.935823478781927065e+01
