-1.488306345684803844e+01
-1.488306345684803844e+01
-1.488306345684803844e+01
2.155914352323567584e+01
2.264308867430703387e+01
4.355715377130831456e+01
4.147576210294418786e+01
2.760033778355135681e+01
3.322307594891510263e+01
2.881735588764865952e+01
3.254253588805323716e+01
3.143503335222233019e+01
5.025142693586737153e+01
3.237497012528022822e+01
3.928427477977995608e+01
3.693958042469402159e+01
3.856078863273317836e+01
4.298131656757460206e+01
3.749733912098532329e+01
4.359031942624337574e+01
4.627756317497554051e+01
4.745130625617011333e+01
4.979355425440398619e+01
5.151317464885106290e+01
5.176497665383577385e+01
5.350419888421059511e+01
5.267845514794614559e+01
4.502585349569522322e+01
4.643150929209379285e+01
5.090795742287917847e+01
5.529594613435555317e+01
4.215851274066994137e+01
5.269930729676938341e+01
4.955101678282527189e+01
4.845014707311122493e+01
4.104796886530045441e+01
4.020209717286127216e+01
4.674107815706870639e+01
5.118374078093051338e+01
5.389534001375352545e+01
5.226440084325152213e+01
5.407431956870784973e+01
5.330974396572970875e+01
5.027007694430700724e+01
5.457883063039423632e+01
5.166125905003448082e+01
5.440177153474475347e+01
4.342851327235327830e+01
5.198486674857370105e+01
5.429504483696702266e+01
5.231739282409538561e+01
5.287308516390574198e+01
4.804058540148094636e+01
4.772759523494720924e+01
5.265657102412937007e+01
4.976209976965638759e+01
5.348346277989840303e+01
5.073510215401877588e+01
4.949745419431998528e+01
5.287479981327445699e+01
5.263692569520055997e+01
4.704265939766393245e+01
4.775174978529638281e+01
4.802482301884626281e+01
4.651913394136064284e+01
4.767326085271115943e+01
4.825444950295967317e+01
4.662956408155712040e+01
4.570237360789611358e+01
4.586391604183327786e+01
4.748597969206858238e+01
4.857006975288051365e+01
5.250536051058934106e+01
5.584378608017637191e+01
5.319929148565008603e+01
5.493267442863805172e+01
5.602895872975562952e+01
5.325820882402562972e+01
5.227326986357179806e+01
5.581353378439563073e+01
4.744203033168663808e+01
5.458253253353935719e+01
5.434589602622332905e+01
5.268800261617466418e+01
5.557814587571203901e+01
5.470397522456831751e+01
5.435963568242925703e+01
5.478780431129860062e+01
5.450567829970238876e+01
5.240506001395692692e+01
5.014286495341665528e+01
5.496771025855603199e+01
5.479399613851735751e+01
5.305118092322967271e+01
5.650991086392682661e+01
4.964721710755995332e+01
4.793368789253037221e+01
4.517982419626607538e+01
5.336686603058826961e+01
5.351503585289867715e+01
5.209235081196420936e+01
5.118504156011974970e+01
4.839170875798342308e+01
4.735041456026643658e+01
4.735166307359752125e+01
4.766587762753009372e+01
4.807859704851045990e+01
4.757935161559115045e+01
4.562623644947536405e+01
4.851577598667039837e+01
4.980334588838486098e+01
4.706070773843785560e+01
4.590144704677528864e+01
4.601494746977419226e+01
4.684163880027396232e+01
4.595592545638329085e+01
4.643116912330752655e+01
4.534447624241592223e+01
4.676507642841794876e+01
4.591258797542552372e+01
4.814302761208884363e+01
4.713012237757187961e+01
4.735979057487607946e+01
4.829318383043049323e+01
4.754445388287035001e+01
4.966513602390364923e+01
5.459896356704821585e+01
4.326220733276677777e+01
5.449332373175267463e+01
4.950226688815293130e+01
4.448502082541486402e+01
5.344836673382123848e+01
4.553363667872447706e+01
4.515433455770938309e+01
4.402283169470231883e+01
4.651749070189217861e+01
4.816526790743821351e+01
4.743723526774779486e+01
5.016374554854525059e+01
4.652484897344093895e+01
4.908742423676737587e+01
4.855456157829949859e+01
4.788070478167934141e+01
4.955117237710540223e+01
4.654421120722628302e+01
4.667595807103862171e+01
4.720557662814958633e+01
4.526944313210879045e+01
4.759357558135128841e+01
4.707084829900566092e+01
4.523375571392828931e+01
4.603890857567530759e+01
4.636389303189218225e+01
4.709639688164530469e+01
5.229136189289302195e+01
4.843995503936390179e+01
4.830445591688846463e+01
4.784741217858135087e+01
4.637759817463981449e+01
4.689530594367310812e+01
5.008599225842596070e+01
4.697827661420414813e+01
4.828930326568779918e+01
4.813622193131634930e+01
4.936617854734974031e+01
4.816920766975003687e+01
4.698614146368124977e+01
4.665296662329476618e+01
4.638892535797343442e+01
4.847100741448985417e+01
4.843449039719642002e+01
4.845738767784046530e+01
4.820590051120208841e+01
4.695509938472642375e+01
4.625013031353351778e+01
4.961193748904282330e+01
5.004134802425828354e+01
4.986359165027106144e+01
4.945904062097506682e+01
4.803352637711230955e+01
4.782144697925925669e+01
4.922945336241895831e+01
4.921475224600033016e+01
4.791477009751578464e+01
4.741479720221261118e+01
4.660817831797411515e+01
4.691114683478215852e+01
4.771296683287730644e+01
4.780198097977019245e+01
4.782038883224201697e+01
4.781518113025037309e+01
4.705777087115097146e+01
4.940926785045052583e+01
5.066300862889246304e+01
5.036282553001981910e+01
4.734916554367391939e+01
4.743245573454242958e+01
4.804319964271605414e+01
4.989181644751791822e+01
4.927310777457884683e+01
5.066425683125959978e+01
