-2.445466080063831704e+00
-2.445466080063831704e+00
-2.445466080063831704e+00
-2.781804689170679694e+02
3.352354734098768176e+02
3.446954023191411807e+02
4.125517653621365639e+02
9.103748072284463433e+02
1.461582646780902678e+03
1.568658737036004368e+03
2.256166355218380431e+03
2.639991707601287089e+03
2.614459299914664825e+03
3.166987456062410274e+03
3.319580253660325980e+03
3.483437773173201094e+03
3.736176767266642855e+03
3.783114214915089633e+03
3.655935508984050102e+03
4.284802847665396257e+03
4.296930114604606388e+03
4.529320337333598218e+03
4.685951684324332746e+03
4.746390811395033779e+03
4.685968384352383509e+03
4.991930677364009171e+03
4.838479437065786442e+03
4.999808450411649574e+03
5.025296333415059962e+03
5.122469120441632185e+03
5.146663804442435321e+03
5.259724202886368403e+03
5.182718671011155493e+03
5.259462555210389837e+03
5.342414080095693862e+03
5.360083278201670510e+03
5.403706632315173010e+03
5.472393209113212833e+03
5.506026178162438555e+03
5.511854666546410044e+03
5.558222812296069606e+03
5.610458394391667753e+03
5.619727575482173961e+03
5.460692130276501302e+03
5.658357233492689375e+03
5.699480205123902124e+03
5.715163458590146547e+03
5.600058476306005105e+03
5.803604527664022498e+03
5.683840244626079766e+03
5.781229986213118536e+03
5.478562009414648855e+03
5.650979077776011763e+03
5.850874020815618678e+03
5.857770680284485934e+03
5.906379453118094716e+03
5.955046446770038528e+03
6.031520514613855994e+03
5.995420060315876981e+03
6.098689370677357147e+03
5.940672980212691982e+03
6.145027277728209810e+03
6.018778545102662065e+03
6.135097143182439140e+03
6.197723390179836315e+03
6.167777777409826740e+03
6.273454978871409367e+03
6.285476142719371637e+03
6.325641147427928445e+03
6.246517049106661943e+03
6.292092692397573956e+03
6.192539364494128677e+03
6.251311201419669487e+03
6.333486911256875828e+03
6.348685652997800389e+03
6.462742557355373719e+03
6.371244274531022711e+03
6.424987191106622049e+03
6.466820160998191568e+03
6.378233951396350676e+03
6.465403880161031339e+03
6.608659702032105997e+03
5.994451715143952242e+03
6.451615996299749895e+03
6.639280249289008680e+03
6.596835907476575812e+03
6.738521761700042589e+03
6.641762666210235693e+03
6.672207404154325559e+03
6.754166038036360987e+03
6.805394262249322310e+03
6.776770184375073768e+03
6.820895693599918559e+03
6.841517809527193094e+03
6.734296813591264254e+03
6.795417693258050349e+03
6.947517737244718774e+03
6.896365782964535356e+03
7.030660187989963561e+03
6.973866414440586595e+03
7.180635044150787508e+03
7.110302604950596105e+03
7.198677095661902058e+03
7.147986857407687239e+03
7.159233542740349549e+03
7.005135296410570845e+03
7.234864086409751508e+03
7.252064250871879267e+03
7.239440985876569357e+03
7.245035826458876727e+03
7.371624162746846196e+03
7.407833386502361463e+03
7.456868398158648233e+03
7.413523681230260991e+03
7.547586681541372855e+03
7.417340845000469926e+03
7.426561912778321130e+03
7.552573283065353280e+03
7.397065744224896662e+03
7.335766251391867627e+03
7.523863475019881662e+03
7.532354580453257768e+03
7.689186965159526153e+03
7.525930115087187914e+03
7.503802521680538121e+03
7.523099565684329718e+03
7.648054625823520837e+03
7.614896606764179523e+03
7.738534714881437139e+03
7.857889138814360194e+03
7.670679238956417066e+03
7.779138567004270044e+03
7.804156058353779372e+03
7.623111067099314823e+03
7.795334037291203458e+03
7.717860088690457815e+03
7.807318886428118276e+03
7.895610626691258403e+03
7.863845810209024421e+03
7.933544793869540626e+03
7.974061123617977501e+03
7.981453944527520434e+03
7.841860841068031732e+03
7.981724427442184606e+03
7.950426969050476146e+03
7.842994622659020024e+03
7.957006223833001968e+03
7.982447468004291295e+03
8.172512534238037006e+03
7.851948938502420788e+03
7.883517494065563369e+03
8.238725408710508418e+03
8.025642626173245844e+03
8.064803826533547181e+03
8.209585309886522737e+03
8.226076467401353511e+03
8.288741336905044591e+03
8.277914579906533618e+03
8.225913740839350794e+03
8.323523854057861172e+03
8.196609209082018424e+03
8.319170156861753640e+03
8.331607269599409847e+03
7.707916262565032412e+03
8.528918613208737952e+03
8.511913247710766882e+03
8.416658684673715470e+03
7.901541070921875871e+03
8.509811939412315041e+03
8.018937197208271755e+03
8.422988573102909868e+03
8.574903280744456424e+03
8.496627566149158156e+03
8.555576568749220314e+03
8.664394775280867179e+03
8.611195442865206132e+03
8.580699577188492185e+03
8.422436318881073021e+03
8.623989390711660235e+03
8.891642905479378896e+03
8.850259004033056044e+03
8.813903923166964887e+03
8.632408674050144327e+03
8.834547659428404586e+03
8.771234829865763459e+03
8.866320594118684312e+03
8.921912137634968531e+03
8.677334479593138894e+03
8.633720328259176313e+03
9.020068239482414356e+03
8.851441365743685310e+03
9.102633206635679016e+03
8.999240721134945488e+03
9.104524209368795709e+03
9.006816936186995008e+03
8.997224710720067378e+03
9.265510110605342561e+03
9.356788993284975732e+03
9.045956025583578594e+03
9.102490105750681323e+03
9.340373948118267435e+03
