-2.076880620874646421e+00
-2.076880620874646421e+00
-2.076880620874646421e+00
-3.827691310664776552e+02
-1.322558255755381253e+02
-1.701322024480865025e+01
3.359355344990461845e+02
1.032431148664810962e+03
1.619852152258476963e+03
1.134865967592484139e+03
2.210737515905474083e+03
1.412976184218868866e+03
2.558862722711266542e+03
3.060004365136858723e+03
3.151183840011409757e+03
2.961186117806059428e+03
2.092642110574806793e+03
2.684544973823129567e+03
3.578406016714438920e+03
4.248997743790870118e+03
3.869690811587076496e+03
3.430742121351627247e+03
2.316900349411829211e+03
4.183495142095688607e+03
3.075084890788065877e+03
3.351355635185222582e+03
4.839582456442309194e+03
5.371871867399707298e+03
4.224062998130716551e+03
5.672693835769541693e+03
5.801631915443647813e+03
6.281079130635383990e+03
6.396965937103437682e+03
6.378405757227605136e+03
6.271386476537608360e+03
6.346176547271231357e+03
6.327080399393465086e+03
6.166782140565377631e+03
6.689541129851369988e+03
6.601036490881595455e+03
6.381338810475556784e+03
6.733942044352828816e+03
6.761721483598499617e+03
6.847163704248979229e+03
6.797848115019209217e+03
6.928519041649497922e+03
6.785678139330254453e+03
6.916658487333127596e+03
7.165528949736287359e+03
7.060070311339804903e+03
7.074780953657005739e+03
7.106307839652989060e+03
6.974602632363274097e+03
6.858518779629450364e+03
6.914859626583170211e+03
7.305985303827697862e+03
7.287295465273930859e+03
7.364598965072163082e+03
7.292031258469464774e+03
7.316649264165299428e+03
7.412974367271463052e+03
7.363671202434821680e+03
7.423426460592348121e+03
7.280602751555340546e+03
7.373865637930304729e+03
7.482758006464360733e+03
7.443397298186256194e+03
7.399689919188160275e+03
6.845095370221353733e+03
7.476752330266778699e+03
7.230380790326549686e+03
7.510234082427438807e+03
7.490890993844031982e+03
7.535399608282906229e+03
7.425683361668159705e+03
7.468577235818843292e+03
7.586175407384856953e+03
7.577966501203738517e+03
7.472903289497970945e+03
7.580048796543776007e+03
7.585531660135328821e+03
7.573322937488272146e+03
7.517595823966764328e+03
7.637492286710810731e+03
7.527874222953886601e+03
7.495551339631119845e+03
7.438456337103169062e+03
7.648742067951116951e+03
7.530684233889277493e+03
7.630760600628962493e+03
7.663462211853043300e+03
7.693865577758280779e+03
7.470892521646077512e+03
7.628774993458895551e+03
7.548196505080724819e+03
7.689755290447768857e+03
7.704436690554194684e+03
7.676809378026455306e+03
7.584838789104406715e+03
7.663273143696099396e+03
7.721917174060110483e+03
7.582638792188100524e+03
7.728896287986452990e+03
7.617571153500744913e+03
7.601233546362027482e+03
7.797321902612418853e+03
7.756330193240704830e+03
7.665260938954136691e+03
7.657275594164178983e+03
7.779825531303367825e+03
7.769244213109445809e+03
7.679713886708556856e+03
7.763877220843392024e+03
7.646439316889862312e+03
7.786062240393193861e+03
7.893265977864464730e+03
7.799436049510144585e+03
7.677886132119607282e+03
7.907646523878293010e+03
7.817921706233860277e+03
7.815498895003349389e+03
7.870869116305364514e+03
7.604215063213670874e+03
7.990224821634816180e+03
7.990592338039990864e+03
8.062443451527693469e+03
7.921841876659190348e+03
7.913443127562195514e+03
8.062965330350984004e+03
8.057557667248125654e+03
8.003937153675133231e+03
7.953135485538284229e+03
8.011142897103806717e+03
8.127465145922239572e+03
8.069862496325282336e+03
8.173901750108501801e+03
8.026262965199659448e+03
8.122341143329339502e+03
8.174720956874365584e+03
8.040190201808925849e+03
8.229361346027644686e+03
8.203075790648683324e+03
7.960403610602489607e+03
8.320746528327797932e+03
8.269883772377153946e+03
8.296287700334829424e+03
8.271984994223335889e+03
8.346160330261511263e+03
8.301561009860586637e+03
8.326594269359415193e+03
8.348682533679606422e+03
8.414082504992033137e+03
8.438316181723230329e+03
8.425893806302872690e+03
8.413745987693366260e+03
8.527913658988796669e+03
8.526364392758212489e+03
8.520104824541307607e+03
8.524240908904361277e+03
8.138807745195456846e+03
8.572746075852919603e+03
8.491663837415446324e+03
8.637445541971788771e+03
8.516796069192634604e+03
8.551840194981972672e+03
8.481925452216881240e+03
8.678329034389593289e+03
8.500824998759469963e+03
8.595824342395704662e+03
8.667653308372497122e+03
8.764836245572987536e+03
8.509477451924016350e+03
8.743216220621307002e+03
8.732449020322957949e+03
8.723954100079801719e+03
8.882033814183650975e+03
8.820923572118914308e+03
8.804189752194279208e+03
8.670477879561283771e+03
8.723349468550397432e+03
8.888248179860724122e+03
8.702577464944461099e+03
8.857063155919855490e+03
8.796479782754677217e+03
8.831935333575680488e+03
8.778000610565528405e+03
8.834213715476755169e+03
8.805749015994892034e+03
8.874946660427216557e+03
8.818020559540957038e+03
8.793782355287159589e+03
8.785778881407602967e+03
8.917398916498739709e+03
8.944383674974445967e+03
8.794096693590363429e+03
8.955649091708981359e+03
8.795607233666900356e+03
8.845928787322805874e+03
9.030969338756533034e+03
8.971364469758331325e+03
8.848420903074649686e+03
