-2.078101146408024569e+00
-2.078101146408024569e+00
-2.078101146408024569e+00
-3.081148453844776895e+02
3.418077858424445736e+01
5.198715292985616543e+01
4.973659229168681009e+02
8.707047511927767118e+02
1.209001618130196675e+03
1.698510868444081552e+03
1.566695952360924821e+03
1.389004803252636748e+03
3.130094214520094283e+03
2.829605559744565198e+03
2.914982764554385540e+03
3.386194623266420422e+03
4.048163684987258421e+03
3.942046000194305634e+03
4.337087933442297071e+03
4.661871047732374791e+03
5.086954379735008843e+03
5.272948926575331825e+03
5.325720544725656509e+03
5.452796114880834466e+03
5.683793791738988148e+03
5.531579950266123888e+03
5.469635722556326982e+03
5.478590700579876284e+03
5.571076801952950518e+03
5.843093445467944548e+03
5.912143278079283846e+03
6.084283480418869658e+03
6.028086075008230182e+03
6.213417731998098134e+03
6.007340573624349418e+03
6.208484666250120426e+03
6.151893104556203070e+03
6.242605455375245583e+03
6.272287131990351554e+03
6.162654632700438924e+03
6.257892779318248358e+03
6.366145502365266111e+03
6.335415265442615237e+03
6.334064155232062149e+03
6.239778002829408251e+03
6.346091802231085239e+03
6.415623596420729882e+03
6.293383484357410453e+03
6.405063722207353749e+03
6.478781451890679818e+03
6.582863287680459507e+03
6.495543067548892395e+03
6.396838749422882756e+03
6.553958151910223023e+03
6.542390814983760720e+03
6.601640138128577746e+03
6.663958595479489304e+03
6.729516518235825060e+03
6.821982474363299843e+03
6.736486751901831667e+03
6.765886524045039550e+03
6.825977491174277020e+03
6.974975898274019528e+03
6.830022972332731115e+03
6.834111916460885368e+03
6.846743148428258792e+03
6.943452483531234975e+03
6.908111415755951384e+03
6.675602373877462924e+03
6.888577356372671602e+03
7.078749078626014125e+03
7.160122739790281230e+03
7.087549526842031810e+03
7.152454675031067381e+03
7.118677613426676544e+03
7.178136679682010254e+03
7.180543405588034148e+03
7.193521522269589695e+03
7.216732751511696733e+03
7.152983074137398035e+03
7.313634073082163013e+03
7.264390203469684820e+03
7.249532794302838738e+03
7.253049115020417958e+03
7.298353474196797833e+03
7.249199116096996477e+03
7.320379356492027000e+03
7.270728381831875595e+03
7.246474829200067688e+03
7.379001135036180131e+03
7.364525512105998132e+03
7.355747141273453963e+03
7.394437451815795612e+03
7.373762761645177306e+03
7.216058630899831769e+03
7.361140596188206473e+03
7.258406883891034340e+03
7.377126310376261245e+03
7.376759694089649201e+03
7.526164614062212422e+03
7.438515130890850742e+03
7.497353236833898336e+03
7.501267203238641741e+03
7.427771269518391819e+03
7.480963393471671225e+03
7.550286807864680668e+03
7.432940427037940935e+03
7.460656692505872343e+03
7.496243812367678402e+03
7.549455147478760409e+03
7.372354298698522143e+03
7.609948806350502309e+03
7.580112481801913418e+03
7.526272004853761246e+03
7.509537258335978549e+03
7.455015849732958486e+03
7.524521239576312837e+03
7.596833515360320234e+03
7.636522231315512727e+03
7.453519362244673175e+03
7.459555560129838341e+03
7.572799249619782131e+03
7.680621054816781907e+03
7.666954499972142003e+03
7.686709689267297108e+03
7.637420540346512098e+03
7.567373983158106967e+03
7.612086004401446189e+03
7.539380126535203090e+03
7.692334824368110276e+03
7.582096695734806417e+03
7.687214482874621353e+03
7.776977359550517576e+03
7.671315749048453654e+03
7.637455991608476324e+03
7.743051265058941681e+03
7.713935144734597998e+03
7.521785917416067605e+03
7.746413596328669882e+03
7.723777247924796029e+03
7.729617095464815975e+03
7.775998572005546521e+03
7.839643985045103364e+03
7.786320236047351500e+03
7.790153490911374320e+03
7.829379706169752353e+03
7.612363212692411253e+03
7.842171603783173850e+03
7.723007433989972924e+03
7.706223341076535689e+03
7.930909059599796819e+03
7.841430706417738293e+03
7.892671198995788473e+03
7.767878973528796450e+03
7.887508925863930017e+03
7.895588158728754024e+03
7.852974179247305074e+03
7.830166963062403738e+03
8.038005087267205454e+03
8.029494795480373796e+03
8.062139998012184151e+03
8.069630122108642354e+03
8.034114506484901540e+03
8.106846711325199976e+03
8.154893565047694210e+03
8.135805332929623546e+03
7.948361605510091067e+03
8.147043080003111754e+03
7.933404940484453618e+03
7.860691222054604623e+03
8.165978424239043306e+03
8.242361365797813050e+03
7.876458184864723080e+03
8.220237679969824967e+03
8.197110899209757918e+03
8.176094467776836609e+03
8.159032280479468682e+03
8.063977655590928407e+03
8.150292991708757654e+03
8.332941207835134264e+03
8.012808892835717415e+03
8.187745634799139225e+03
8.220746331397347603e+03
8.326497522711326383e+03
8.252988936380919768e+03
8.409308127665826760e+03
8.103361820592069307e+03
8.468205660375402658e+03
8.612212508587586854e+03
8.479916782569769566e+03
8.239875846313167131e+03
8.434739678559661115e+03
8.081748383230619766e+03
8.421568891691600584e+03
7.744877746556614511e+03
8.096284766626677083e+03
8.420666587278832594e+03
8.260677449390004767e+03
8.243933921000032569e+03
8.524197282483841263e+03
8.201912456529877090e+03
