-1.144837634746886268e+00
-1.144837634746886268e+00
-1.144837634746886268e+00
-4.529718083867327323e+02
-1.585270248941255602e+02
7.541712012666963005e+01
4.613468681162830762e+02
7.199961707835891502e+02
8.890318027892865302e+02
1.458825086010207542e+03
2.082511297391340122e+03
2.244724540457710191e+03
2.320933758124384440e+03
3.051947959908784014e+03
3.967294494846866201e+03
3.873938052363631869e+03
4.081103878752535820e+03
4.178796030843599510e+03
4.447818923647010706e+03
4.862603494415860041e+03
4.899937219736808402e+03
4.968816026732134560e+03
5.008929109294176669e+03
4.968081238859029327e+03
4.974383831765972900e+03
4.955134437222065571e+03
5.143698137835558555e+03
5.075152311182094309e+03
5.056026060455913466e+03
5.155309151079591174e+03
5.113326702697007931e+03
5.285515122823529964e+03
5.402080226020247210e+03
5.436108694831615139e+03
5.525066347885699543e+03
5.773684217114331659e+03
5.652287812300121004e+03
5.644462204830202609e+03
5.712105608418730299e+03
5.813251105972278310e+03
5.896635264181024468e+03
5.439089273304993185e+03
6.064991259029241519e+03
5.747109615191679040e+03
5.927017878096932691e+03
6.225070507522355911e+03
6.210410155578789272e+03
6.345269566426452002e+03
6.357524503989132427e+03
6.414905193266073184e+03
6.530083429092915139e+03
6.498026362815076027e+03
6.426528197924971209e+03
6.523072369522273220e+03
6.607969174439764174e+03
6.440422121734767643e+03
6.516539150282976152e+03
6.642647462159124188e+03
6.503484405863571737e+03
6.463692539115225372e+03
6.865587838578214360e+03
6.777885587772080726e+03
6.822720057859834924e+03
6.855006213150983967e+03
6.683961804205655426e+03
6.882640908350198515e+03
6.921161381002998496e+03
6.973002952563797407e+03
7.014611239654262135e+03
6.888382762732742776e+03
7.029123814145062170e+03
6.789561360684213469e+03
7.059279035675930572e+03
7.037106100877445897e+03
6.984700383221436823e+03
7.088105264104419803e+03
7.014943479657325952e+03
7.123469744898357021e+03
7.006156487430824200e+03
7.169258012156553377e+03
7.121284048405455906e+03
7.167754815142451662e+03
7.165817175279406001e+03
7.186719683602564146e+03
7.281690236810024544e+03
7.218541401111743653e+03
7.128358991073296238e+03
7.272087933442055146e+03
7.314576978912361483e+03
7.269091105594849978e+03
7.315594089977130352e+03
7.361065707503675185e+03
7.503637249449049705e+03
7.311045559136434349e+03
7.424995519367854286e+03
7.290579868886376971e+03
7.402320195087105276e+03
7.424992545344891369e+03
7.386668258174145194e+03
7.478851101064875365e+03
7.298955288818595363e+03
6.972587654646221381e+03
7.490180092703044465e+03
7.237091152733713898e+03
7.445648706126422439e+03
7.461857538983033919e+03
7.400446962745123528e+03
7.553968197003630848e+03
7.431330999112826248e+03
7.515909936815629408e+03
7.561192633883210874e+03
7.299710326290111880e+03
7.676961888226852352e+03
7.531969806461034750e+03
7.384961582840139272e+03
7.646701800676552011e+03
7.521866202163418166e+03
7.619603478071463542e+03
7.600964949231709397e+03
7.634953512457516808e+03
7.616465232599446608e+03
7.753147425930561440e+03
7.647455892601647065e+03
7.576650371622383318e+03
7.811200680449222091e+03
7.782268682388372326e+03
7.657930880808702568e+03
7.741699036403399077e+03
7.833045147212670599e+03
7.794771211769701040e+03
7.686100947552213256e+03
7.905244029058174419e+03
7.716366672236899831e+03
7.769647197281035005e+03
7.803651136210515688e+03
7.789511497934006911e+03
7.867840060186758819e+03
7.870464139903709111e+03
7.721304702033135982e+03
7.842318825481108433e+03
7.976766062650272033e+03
7.891069608591565157e+03
7.872170330449594076e+03
7.926450533011773587e+03
7.840874227531137876e+03
7.804990668705750068e+03
7.684628333255372127e+03
7.873165493225753380e+03
7.841240647805230765e+03
7.767464810668429891e+03
7.915122937389952313e+03
7.792865693198557892e+03
7.834473623083305938e+03
7.953035286626957713e+03
7.895337027731487979e+03
7.663144344258840647e+03
7.606798339357143959e+03
7.738948165686114407e+03
7.987249102389245309e+03
7.918563681372603241e+03
7.935604879788025755e+03
7.955025997075116720e+03
8.017699894314908306e+03
7.933427049046820684e+03
8.016753363262114362e+03
8.007412200726072115e+03
7.946363371699359050e+03
7.841921843150368659e+03
8.014910188977040889e+03
8.027405167102528139e+03
7.884480764732511489e+03
8.124376588388280652e+03
8.086672149292765425e+03
8.115888731789728809e+03
8.046944663310404394e+03
8.065025570795313797e+03
8.092132234105398311e+03
8.210019292916893392e+03
8.223942056629621220e+03
8.123164735853380989e+03
8.230974911097640870e+03
8.155964692191331778e+03
8.211821524378749018e+03
8.210760300658719643e+03
8.272310683087551297e+03
8.260659832802397432e+03
8.362619664023955920e+03
8.293490914856021845e+03
8.225680146332659206e+03
8.272914011939361444e+03
8.257966389653203805e+03
7.898725568857979852e+03
8.398192056852793030e+03
8.272531795260985746e+03
8.373874822775342182e+03
8.473141919043191592e+03
8.319947823759337552e+03
8.261888554366252720e+03
8.490337360669218469e+03
8.540107323137854110e+03
8.451000555598282517e+03
