-1.444402160545549307e+01
-1.444402160545549307e+01
-1.444402160545549307e+01
2.845136821717419551e+01
1.846011497241682875e+01
4.163209302728537864e+01
3.616509849175837132e+01
3.426733008010949533e+01
3.059492718419035029e+01
3.633914226477307352e+01
4.210321991266179253e+01
3.787171565653854088e+01
3.581105935997093326e+01
3.749843321542169150e+01
3.822483769992442149e+01
3.818916315035733078e+01
3.903024351114435575e+01
3.799802211183243372e+01
3.824183428538614038e+01
3.850527723459022411e+01
3.899210798268889988e+01
3.955330381394260542e+01
3.785610885746991272e+01
4.077893814915807269e+01
3.910514015058686965e+01
3.612006777128178925e+01
4.100789805810650535e+01
3.877366162805490291e+01
3.890639489368070514e+01
3.836822516259938709e+01
4.308948750936620797e+01
4.380321266286496495e+01
4.321152234971437167e+01
4.542134114045992987e+01
4.461518311913160062e+01
4.685294769567308037e+01
4.480035954742783844e+01
4.576690635271753393e+01
4.226915082686593905e+01
4.383665530939858002e+01
4.101227225129105136e+01
4.170746741542185276e+01
3.994732583447307661e+01
4.335216672747282729e+01
4.283112609105113222e+01
4.117677026513401728e+01
4.322510419532574133e+01
4.243047415651098220e+01
4.229430631470140867e+01
4.126996672739136329e+01
4.325518403773710219e+01
4.463258437750670282e+01
4.320926034922641179e+01
4.324021859545946000e+01
4.417960457783810568e+01
4.377906964610481566e+01
4.500153431693355088e+01
4.410658040934114155e+01
4.594804041496677627e+01
4.507759649577037209e+01
4.602260832740137175e+01
4.495455438405247861e+01
4.690772089037845660e+01
4.507695414410057566e+01
4.689600638665557142e+01
4.597319795231107520e+01
2.856205442440509046e+01
4.816777584468212581e+01
4.207443396204434549e+01
4.700771867598776765e+01
3.394296923088821671e+01
4.079178548385298342e+01
4.199299496336612947e+01
4.816137538742749769e+01
4.718815266912802997e+01
4.290892397695974836e+01
4.219903958985611325e+01
4.232925922311007128e+01
4.582572835683163248e+01
4.605283173980416933e+01
4.700204482022278540e+01
4.623104308140582219e+01
4.764277871796726771e+01
4.664284126525415530e+01
4.770175800050465398e+01
4.639770632530780148e+01
4.722125961731414634e+01
4.923761611048647069e+01
4.725775558176567159e+01
4.944130736739558074e+01
5.132813651005197642e+01
5.018266405561136878e+01
5.066061787875254652e+01
5.082443843089740909e+01
5.153994146626560990e+01
5.011772226631855176e+01
5.082774469801059070e+01
5.135252144741485836e+01
5.205096421873054169e+01
5.147147187103003318e+01
5.108122049598946290e+01
5.136265067742714052e+01
5.115608493689785519e+01
4.850750254017839325e+01
4.895149043934475230e+01
4.897739075776673445e+01
5.085964074294044934e+01
4.932159982389914887e+01
5.026158143016325397e+01
4.918405979217602919e+01
5.065774117882132543e+01
4.938821924037358713e+01
4.821022972756947667e+01
4.996132968956983689e+01
4.837716837000382242e+01
4.949753203651309263e+01
4.700889620762269772e+01
4.948284146434444608e+01
4.874111077520372248e+01
4.923757300230450795e+01
4.931128696263509426e+01
4.843537144763926960e+01
4.878949118142433861e+01
4.895883217813896238e+01
4.811986921551524432e+01
4.759479689107186573e+01
4.391388023917821215e+01
4.110216728898478777e+01
4.580489268973222750e+01
4.901778817612976979e+01
4.752296963361439452e+01
4.966849998762708651e+01
4.937396302649310798e+01
4.935324438280960635e+01
4.909304749753490427e+01
5.264052412600909747e+01
4.996719106466080973e+01
5.326816799714104178e+01
5.042206069881542874e+01
4.735430199042306043e+01
4.731142418395868532e+01
5.068328972155038059e+01
4.774499646149523358e+01
4.822617857679380649e+01
4.733238805262976712e+01
4.865612629415684864e+01
4.977199065442151493e+01
4.683426092007778152e+01
4.695060874537028894e+01
4.778094941878306656e+01
4.875186759685509230e+01
4.830138585686008668e+01
4.804888385234381332e+01
4.758614466188469549e+01
3.189011208952624798e+01
4.480206856432469920e+01
4.686721200198518034e+01
4.896206564651243553e+01
4.895545689778123233e+01
4.747789315642300778e+01
4.790584409638236707e+01
4.705284124151096137e+01
5.427317461953028044e+01
4.969696171465870549e+01
4.996435656361730793e+01
4.729632363492386560e+01
4.756333436009398241e+01
4.869386727518836011e+01
4.809345833873281606e+01
4.849964687661581308e+01
4.739676037499158667e+01
4.852728394006803114e+01
4.752996461356183033e+01
4.864889176711534446e+01
4.873828311269780045e+01
4.834486649329230090e+01
4.905845343976541528e+01
4.827734846133389368e+01
4.961615401587578589e+01
4.720524545311580766e+01
4.740949403668021489e+01
4.904589232176865465e+01
4.696877156549135890e+01
4.619035199950797477e+01
4.745344634648527204e+01
4.769043423502787249e+01
4.744919913868511685e+01
4.725615470255297623e+01
4.772703248526615027e+01
4.747869786166970840e+01
4.984572679116251948e+01
4.687716688599154224e+01
4.823389662393799426e+01
4.845019872495197433e+01
5.193456307235104674e+01
5.247053670755540367e+01
5.079595607369866173e+01
5.026628396918862762e+01
5.046180277604246811e+01
5.011630215094751861e+01
4.967089850735295187e+01
