-2.348762401132050037e+00
-2.348762401132050037e+00
-2.348762401132050037e+00
-3.594192490867786773e+02
-2.624695146472519127e+02
2.027194021401405735e+02
7.195606836655857705e+02
9.340522915727148074e+02
9.827021455514068293e+02
1.922908848886902433e+03
2.065402738362118725e+03
2.543020544575470922e+03
2.563678782545313879e+03
4.184267128272153059e+03
4.472547343125098450e+03
4.594232824970310503e+03
4.235151251874418449e+03
4.867985593429024448e+03
4.982074511451268336e+03
4.969544937594901057e+03
4.912628826937084341e+03
5.066649905831962315e+03
5.176681216312481411e+03
5.242391622208961962e+03
5.214296572520729569e+03
5.306004208941480101e+03
5.245942845188505999e+03
5.221370254498935537e+03
5.416691970116020457e+03
5.296865694693874502e+03
5.562144630284597952e+03
5.491443068341321123e+03
5.572703133391332813e+03
5.529520794362810193e+03
5.937104866514035166e+03
5.943058468542845731e+03
5.310427619280335421e+03
5.555119320614847311e+03
5.503774525674215511e+03
6.250235961320311617e+03
6.190696328314164020e+03
5.875325732453880846e+03
6.174966399608711072e+03
6.379263753424580500e+03
6.429130641231972731e+03
5.913134811709698624e+03
6.496820611751832985e+03
6.415549328404036714e+03
6.210037585165606288e+03
6.457766825576727570e+03
6.470782541180319640e+03
6.878836065352050355e+03
6.652938506195569062e+03
6.902620311587163087e+03
6.899417783378246895e+03
6.176160148482204931e+03
6.995970252664960753e+03
6.567077694269032690e+03
7.151499542439368270e+03
6.944872734886596845e+03
6.936765367592970506e+03
6.923995548859656083e+03
7.207189506871889535e+03
7.333805516230177091e+03
7.178655664392589642e+03
7.206597926805860880e+03
7.032341694520715464e+03
7.333982031912685670e+03
7.181746440163800798e+03
7.364084950967449913e+03
7.497049530689912899e+03
7.274914248203368516e+03
7.473809568744580247e+03
7.456840526469415636e+03
7.587879603719993611e+03
7.555549225998664042e+03
7.651127543909080487e+03
7.289256274996408138e+03
7.682975036627462032e+03
7.825182363510044524e+03
7.476536729018665028e+03
7.718470987670332761e+03
7.880638952953740954e+03
7.698746616700579580e+03
7.815011337259648826e+03
7.673532229015730081e+03
7.717833142709372623e+03
7.670809832753499904e+03
7.843647857060612296e+03
7.746753508997816425e+03
7.878431374447558483e+03
7.908403008638348183e+03
7.883588240248015609e+03
7.838526735402112536e+03
7.779967063480416073e+03
7.913097628848801833e+03
7.984810761257353079e+03
8.001139126564235085e+03
7.760300451690815862e+03
7.922920204366188955e+03
7.914559393713310783e+03
7.595258014461685889e+03
7.961566110992191170e+03
8.004014894772239131e+03
8.096366145514158234e+03
8.071113239614454869e+03
7.939818613352414104e+03
8.126966934025680530e+03
7.989402509276071214e+03
8.136854072625083973e+03
7.959152482415226586e+03
7.854728573507852161e+03
8.042294545156188178e+03
8.187696988208497714e+03
8.138423631608629876e+03
7.910980123885370631e+03
8.246934321674774765e+03
8.031551853454965567e+03
8.163772474045639683e+03
8.264295701166131039e+03
8.306017379262317263e+03
7.890710699338640552e+03
8.146388429498538244e+03
8.242899596558852863e+03
8.308181098179356923e+03
8.296023035733927827e+03
8.316960922792159181e+03
8.305308610896187020e+03
8.357442658898620721e+03
8.220991312029660548e+03
8.336396205551141975e+03
8.325416483778088150e+03
8.392460025812008098e+03
8.314538070526625233e+03
8.187083697088693043e+03
8.345215463930324404e+03
8.496647018179170118e+03
8.245274161336674297e+03
8.358201943821044551e+03
8.445809666292170732e+03
8.282650758453553863e+03
8.408610935644017445e+03
8.430842468883618494e+03
8.415915171419252147e+03
8.474007150142171668e+03
8.424160899990336475e+03
8.459903880899490105e+03
8.482833033639626592e+03
8.493397936674226003e+03
8.502388628831839014e+03
8.497749209753854302e+03
8.455797942387845978e+03
8.528469602885121276e+03
8.589983244261675281e+03
8.501369741787693783e+03
8.619919406059960238e+03
8.633487943092646674e+03
8.553013520309728847e+03
8.551153902794949317e+03
8.595500538496356967e+03
8.685349729730660329e+03
8.566241565094354883e+03
8.665870698761827953e+03
8.662777106382785860e+03
8.730190503132223967e+03
8.759599374035928122e+03
8.756696619376698436e+03
8.804828234338592665e+03
8.786102919725508400e+03
8.681869449276815430e+03
8.727117937786837501e+03
8.817428094996535947e+03
8.690734634889859080e+03
8.801446537193633048e+03
8.816784114299618523e+03
8.748004741691740492e+03
8.824977644255126506e+03
8.804802163665128319e+03
8.824760976969550029e+03
8.622451601530347034e+03
8.773814121284545763e+03
8.794994070224976895e+03
8.714436461483261155e+03
8.908617059194195463e+03
8.769426802261485136e+03
8.906164639580221774e+03
8.929177999183782958e+03
8.876605013008647802e+03
8.814866220122981758e+03
8.869799241095093748e+03
9.090061984221601961e+03
8.987359240576539378e+03
8.869287747179807411e+03
9.112378721118009707e+03
9.173129822652374060e+03
9.058581120840299263e+03
8.935851915233517502e+03
9.143201352034264346e+03
9.049975235268739198e+03
9.091535602730862593e+03
9.209013157233046513e+03
