-1.690773639515607130e+01
-1.690773639515607130e+01
-1.690773639515607130e+01
1.798162920549689758e+01
2.379410361817900110e+01
2.313728451790242246e+01
4.420772200100001470e+01
1.612284757630454379e+01
2.254146104738880751e+01
3.546471022834874987e+01
3.247543856422363717e+01
3.560027684470294673e+01
3.267715979945888449e+01
3.439790238929317923e+01
4.125763402466928653e+01
3.916480508156765694e+01
3.279987612819975595e+01
5.218882604515319201e+01
5.036197518680219076e+01
5.145178654973442178e+01
4.511614486949916625e+01
4.794538235023091488e+01
5.020892109854798946e+01
4.922781832213453157e+01
5.263854243726893856e+01
5.017770899497597981e+01
5.126381980980197284e+01
4.780862976889460469e+01
4.569402520265698797e+01
4.656319901643143311e+01
4.662478595363781153e+01
4.840671758208398501e+01
5.126768342516771781e+01
5.173037138167295268e+01
5.136721513235427494e+01
5.498143173342789680e+01
5.284180358449464165e+01
4.908152863976077640e+01
5.034193470079454613e+01
4.781555607748228454e+01
5.058386688062387293e+01
5.330962462194446516e+01
5.626998340552643185e+01
5.194578934247415702e+01
5.206185999107032103e+01
6.224376355139274608e+01
5.310823654943440886e+01
5.195370620710313148e+01
5.546510326403887348e+01
5.688400626398696147e+01
6.128945518589141273e+01
6.194551938895580179e+01
5.045366369504925785e+01
6.127480780630465773e+01
5.776017026782626829e+01
6.506955315387234862e+01
6.514344915261918345e+01
6.251052978675598126e+01
6.302325258336666280e+01
6.238826607048765993e+01
6.902402784406518776e+01
6.874366788674902295e+01
7.437112350780995484e+01
6.582799727336541196e+01
7.454091612465833805e+01
7.507735126446858942e+01
6.704461017432852543e+01
7.097286453650347937e+01
7.350272444719333009e+01
6.810805434568479200e+01
6.873192851031168971e+01
6.691438843190428543e+01
7.225454998322393863e+01
7.350813531811959933e+01
6.425260109593972402e+01
6.879706868227816585e+01
6.973093387575049462e+01
7.136139103064415679e+01
7.220739249812166349e+01
7.230669660842183077e+01
7.807908114164673918e+01
7.226427712814469828e+01
6.999955152910956713e+01
7.449319959630528842e+01
7.113615981471038197e+01
7.477792455244481573e+01
7.002244293737153669e+01
7.802462520385768130e+01
7.354723465486151213e+01
7.214465147690525271e+01
7.360204166851436014e+01
7.415559274374278687e+01
7.463163323245741765e+01
7.977792817640148826e+01
7.537532448168364851e+01
7.141532452631540195e+01
7.850263245036667570e+01
7.654318490026469135e+01
8.267498215214388324e+01
7.858962746918155062e+01
7.821277082600164476e+01
8.072819162832334428e+01
8.175874775079991252e+01
7.962144174396212293e+01
8.012607311338994975e+01
8.038949169654293314e+01
8.585471458386514598e+01
8.852028052330200580e+01
7.786941521569420388e+01
8.834584931981416389e+01
8.078106458180252503e+01
8.475983302901576621e+01
8.653199635115774413e+01
8.761388886983711188e+01
8.997680006744980119e+01
9.112538693128604450e+01
8.478870797719120844e+01
8.490218292514461496e+01
9.452837914264969754e+01
9.195348390177203157e+01
9.118864240826908940e+01
9.214233509978052439e+01
9.476136189067337057e+01
9.427590148459016461e+01
9.502488830265693309e+01
9.655611924895859488e+01
1.017157311164120586e+02
9.891077871570666957e+01
1.010584648355306854e+02
9.336223965309645223e+01
9.839785804141209269e+01
8.723179285020893303e+01
9.371425113609436153e+01
9.792087748559349336e+01
9.531604852844947118e+01
9.019372765383533874e+01
9.300122753091571326e+01
9.403238304052652552e+01
9.938466432828764141e+01
9.103281708965565144e+01
9.716706082948313394e+01
9.569003645299316929e+01
9.760997013169142633e+01
9.665580366264696011e+01
9.916140123787229754e+01
9.706647866983860240e+01
9.697880954862431224e+01
9.817107066606561716e+01
9.854711209783786785e+01
9.722093747688023768e+01
9.821188822794641737e+01
9.901061736824969728e+01
9.931978533347364646e+01
9.782679325261406689e+01
9.894851322955869932e+01
1.015649489799267968e+02
9.787224990066593477e+01
1.023784732603743777e+02
9.866844733684382618e+01
9.841354979841031536e+01
9.743907351494229374e+01
9.495454892561835436e+01
9.356262490141071453e+01
9.807666176477066244e+01
1.002628948007057801e+02
1.029715454965836159e+02
1.070170617816388159e+02
1.025075497506074100e+02
1.017886253395838594e+02
1.011463456196090647e+02
1.038275057001933419e+02
1.011466993414523472e+02
9.913768225663599765e+01
1.028356635959620462e+02
1.011107176118628672e+02
9.725422378663895984e+01
9.968488317965849888e+01
9.917678569146667655e+01
9.962381813028639499e+01
9.784969572979973407e+01
9.645746255171607686e+01
9.892373979610508172e+01
1.016829002742153136e+02
1.005409827960068867e+02
1.006987863180126794e+02
1.017602480323522656e+02
1.034464688202873788e+02
1.028509707633756562e+02
9.799915163477868418e+01
1.016979417030935480e+02
1.045679430057113706e+02
1.048739407626060540e+02
1.036697299871582345e+02
1.038824448139094727e+02
1.057103380732974927e+02
1.050209425001240788e+02
1.035053720471596250e+02
1.037543427723129810e+02
1.069726581150466700e+02
1.025231310730615348e+02
1.058063989243485423e+02
